YYYY;MM;DD;fsca_full_watershed;fsca_outside_glaciers;glacier_albedo
2000;2;24;59.932;61.158;51.858
2000;2;25;71.924;73.993;76.989
2000;2;26;71.992;74.024;77.394
2000;2;27;72.019;74.083;77.219
2000;2;28;71.711;74.065;75.167
2000;2;29;74.873;77.329;84.595
2000;3;1;73.469;75.162;81.324
2000;3;2;74.905;77.06;84.974
2000;3;3;74.757;76.647;84.371
2000;3;4;74.909;76.893;84.214
2000;3;5;78.558;81.517;82.374
2000;3;6;73.236;74.319;85.176
2000;3;7;77.301;79.439;84.972
2000;3;8;76.695;78.079;87.523
2000;3;9;76.259;77.389;87.292
2000;3;10;75.666;76.629;86.091
2000;3;11;73.047;72.31;82.924
2000;3;12;74.835;75.637;86.176
2000;3;13;75.495;76.078;85.26
2000;3;14;73.217;74.531;83.877
2000;3;15;75.866;77.125;82.283
2000;3;16;76.951;78.382;83.194
2000;3;17;76.761;78.575;83.636
2000;3;18;77.335;78.572;81.999
2000;3;19;74.917;77.606;75.945
2000;3;20;77.138;79.162;78.108
2000;3;21;76.109;78.732;79.498
2000;3;22;75.624;78.196;79.481
2000;3;23;80.017;80.314;75.094
2000;3;24;82.547;81.156;73.576
2000;3;25;84.415;82.483;73.942
2000;3;26;86.957;84.085;70.618
2000;3;27;90.786;88.74;69.822
2000;3;28;88.216;86.606;70.951
2000;3;29;84.825;83.271;61.695
2000;3;30;83.378;81.94;65.679
2000;3;31;83.536;82.151;65.724
2000;4;1;86.242;85.678;66.905
2000;4;2;86.231;86.353;71.727
2000;4;3;83.694;84.418;68.107
2000;4;4;82.634;85.103;74.485
2000;4;5;81.787;83.638;74.43
2000;4;6;81.793;83.509;74.757
2000;4;7;84.564;85.927;75.676
2000;4;8;;;
2000;4;9;81.875;83.168;76.788
2000;4;10;81.102;82.029;77.045
2000;4;11;81.197;82.111;77.134
2000;4;12;80.271;80.841;76.749
2000;4;13;76.442;76.53;77.552
2000;4;14;76.259;76.368;76.981
2000;4;15;74.948;74.243;77.515
2000;4;16;75.225;74.733;77.584
2000;4;17;75.357;74.929;77.587
2000;4;18;76.01;75.751;78.403
2000;4;19;69.643;70.074;77.62
2000;4;20;69.57;70.075;77.839
2000;4;21;69.64;70.059;78.176
2000;4;22;69.731;70.211;77.798
2000;4;23;69.775;70.332;78.238
2000;4;24;69.738;70.26;78.091
2000;4;25;79.954;85.054;72.361
2000;4;26;79.712;84.643;78.09
2000;4;27;81.903;85.488;75.125
2000;4;28;81.981;85.556;75.078
2000;4;29;81.997;85.606;75.008
2000;4;30;83.39;87.21;73.012
2000;5;1;81.818;85.606;75.85
2000;5;2;83.303;85.43;72.518
2000;5;3;82.822;85.669;73.207
2000;5;4;81.639;82.3;72.542
2000;5;5;81.58;82.242;72.558
2000;5;6;79.456;73.177;68.781
2000;5;7;80.172;72.553;62.876
2000;5;8;78.819;69.443;60.585
2000;5;9;79.548;70.582;60.834
2000;5;10;79.045;69.742;60.543
2000;5;11;77.503;67.53;60.342
2000;5;12;77.34;66.808;60.202
2000;5;13;76.929;65.979;59.874
2000;5;14;77.038;66.483;60.442
2000;5;15;73.648;61.743;60.688
2000;5;16;71.678;59.558;60.359
2000;5;17;71.232;59.436;60.425
2000;5;18;69.326;58.359;60.773
2000;5;19;67.132;57.5;64.547
2000;5;20;66.141;55.028;67.341
2000;5;21;66.132;55.109;66.196
2000;5;22;66.083;55.599;67.592
2000;5;23;66.089;55.606;67.548
2000;5;24;64.447;52.838;67.644
2000;5;25;63.225;50.368;69.926
2000;5;26;59.213;46.301;72.653
2000;5;27;58.296;45.069;74.307
2000;5;28;57.915;44.507;75.085
2000;5;29;57.768;44.666;73.967
2000;5;30;57.959;44.658;73.147
2000;5;31;53.753;38.823;75.248
2000;6;1;52.598;36.869;72.719
2000;6;2;51.011;33.302;71.291
2000;6;3;50.315;31.873;69.445
2000;6;4;50.611;32.232;69.508
2000;6;5;50.122;31.006;69.697
2000;6;6;45.954;24.463;65.373
2000;6;7;44.605;23.666;61.983
2000;6;8;44.629;23.418;59.485
2000;6;9;45.373;24.484;60.734
2000;6;10;43.256;17.691;65.087
2000;6;11;41.573;16.29;64.484
2000;6;12;41.973;16.945;64.428
2000;6;13;42.222;17.103;65.263
2000;6;14;43.382;18.854;66.649
2000;6;15;41.058;14.961;66.729
2000;6;16;40.99;14.979;66.724
2000;6;17;41.623;15.828;66.733
2000;6;18;39.71;9.741;63.838
2000;6;19;40.302;9.609;63.836
2000;6;20;41.387;10.108;62.872
2000;6;21;41.741;8.131;58.493
2000;6;22;41.573;8.098;58.374
2000;6;23;42.919;9.57;58.488
2000;6;24;42.079;8.477;55.528
2000;6;25;41.95;7.823;53.374
2000;6;26;42.193;7.237;51.653
2000;6;27;41.705;7.056;50.099
2000;6;28;41.611;7.061;49.293
2000;6;29;41.412;6.869;48.301
2000;6;30;41.586;6.624;47.709
2000;7;1;41.444;6.565;47.595
2000;7;2;40.465;6.32;46.859
2000;7;3;41.051;6.75;46.743
2000;7;4;41.014;6.546;46.124
2000;7;5;40.818;6.345;45.863
2000;7;6;40.995;6.629;45.671
2000;7;7;39.787;5.997;44.945
2000;7;8;40.294;6.2;44.627
2000;7;9;39.997;6.044;43.753
2000;7;10;38.698;5.424;43.173
2000;7;11;38.77;5.288;43.562
2000;7;12;39.986;6.041;42.169
2000;7;13;39.882;5.692;42.232
2000;7;14;39.602;5.565;39.351
2000;7;15;39.335;5.386;38.238
2000;7;16;39.578;5.67;38.021
2000;7;17;40.818;6.879;37.307
2000;7;18;38.819;5.105;37.487
2000;7;19;39.978;6.061;36.528
2000;7;20;38.59;4.784;36.937
2000;7;21;38.611;4.865;36.915
2000;7;22;38.651;4.884;36.913
2000;7;23;37.57;5.106;36.682
2000;7;24;37.788;4.715;35.364
2000;7;25;36.274;5.0;37.369
2000;7;26;35.123;3.895;37.409
2000;7;27;35.662;3.751;35.896
2000;7;28;35.554;3.753;35.802
2000;7;29;35.846;3.57;36.186
2000;7;30;35.354;3.597;36.25
2000;7;31;35.296;3.41;33.807
2000;8;1;35.781;3.362;33.01
2000;8;2;35.47;3.477;33.304
2000;8;3;35.465;3.448;33.236
2000;8;4;36.146;3.959;32.535
2000;8;5;36.041;3.548;32.947
2000;8;6;;;
2000;8;7;;;
2000;8;8;;;
2000;8;9;;;
2000;8;10;;;
2000;8;11;;;
2000;8;12;;;
2000;8;13;;;
2000;8;14;;;
2000;8;15;;;
2000;8;16;;;
2000;8;17;;;
2000;8;18;36.486;5.322;36.821
2000;8;19;36.286;5.262;36.766
2000;8;20;39.063;6.279;36.686
2000;8;21;37.393;6.251;32.4
2000;8;22;37.389;5.959;30.122
2000;8;23;38.247;5.86;30.801
2000;8;24;38.067;5.963;31.004
2000;8;25;37.965;6.076;30.683
2000;8;26;36.974;6.004;29.97
2000;8;27;38.025;6.2;30.094
2000;8;28;38.823;6.102;31.827
2000;8;29;38.001;6.062;31.228
2000;8;30;38.347;6.109;31.129
2000;8;31;38.664;6.257;30.783
2000;9;1;38.994;6.223;31.274
2000;9;2;39.185;6.286;32.134
2000;9;3;38.224;6.65;30.595
2000;9;4;38.848;6.604;30.247
2000;9;5;39.104;7.415;30.798
2000;9;6;39.138;7.327;31.344
2000;9;7;37.509;7.155;31.401
2000;9;8;37.106;9.323;33.78
2000;9;9;39.284;12.844;44.474
2000;9;10;41.204;13.797;44.861
2000;9;11;40.76;10.485;45.677
2000;9;12;41.674;11.089;43.325
2000;9;13;41.885;11.427;43.068
2000;9;14;42.233;11.52;43.06
2000;9;15;41.415;10.462;39.165
2000;9;16;42.464;10.499;38.323
2000;9;17;39.887;10.442;36.944
2000;9;18;43.266;11.044;39.835
2000;9;19;43.154;10.859;39.782
2000;9;20;42.776;10.183;39.795
2000;9;21;42.97;13.572;42.09
2000;9;22;42.325;17.737;45.404
2000;9;23;42.969;15.924;45.524
2000;9;24;40.563;16.612;44.051
2000;9;25;35.933;12.362;43.422
2000;9;26;35.959;12.405;43.467
2000;9;27;36.294;10.578;45.811
2000;9;28;37.413;10.875;46.332
2000;9;29;34.695;11.023;43.91
2000;9;30;56.428;45.002;50.927
2000;10;1;63.855;54.127;55.796
2000;10;2;46.726;22.718;55.37
2000;10;3;50.061;27.349;58.301
2000;10;4;51.143;29.105;58.475
2000;10;5;61.442;46.562;62.888
2000;10;6;67.843;57.086;66.316
2000;10;7;71.535;63.853;70.648
2000;10;8;77.557;74.601;78.891
2000;10;9;77.708;74.946;78.73
2000;10;10;77.891;75.329;78.756
2000;10;11;76.857;76.112;72.553
2000;10;12;77.659;77.628;76.183
2000;10;13;74.116;76.778;70.74
2000;10;14;76.94;78.631;72.132
2000;10;15;76.771;77.029;76.329
2000;10;16;76.649;77.464;74.832
2000;10;17;76.154;75.619;76.364
2000;10;18;71.087;69.438;66.867
2000;10;19;73.751;72.411;68.218
2000;10;20;71.829;69.368;69.716
2000;10;21;71.852;70.473;68.761
2000;10;22;70.448;66.516;68.283
2000;10;23;70.422;66.13;62.943
2000;10;24;70.737;66.856;65.607
2000;10;25;67.756;63.559;63.971
2000;10;26;64.892;61.386;60.524
2000;10;27;63.038;59.358;59.328
2000;10;28;66.722;64.758;55.636
2000;10;29;66.534;65.462;57.103
2000;10;30;64.65;64.627;56.534
2000;10;31;65.545;64.993;54.549
2000;11;1;;;
2000;11;2;;;
2000;11;3;;;
2000;11;4;;;
2000;11;5;;;
2000;11;6;;;
2000;11;7;;;
2000;11;8;;;
2000;11;9;;;
2000;11;10;;;
2000;11;11;;;
2000;11;12;;;
2000;11;13;;;
2000;11;14;;;
2000;11;15;;;
2000;11;16;;;
2000;11;17;;;
2000;11;18;;;
2000;11;19;;;
2000;11;20;;;
2000;11;21;;;
2000;11;22;;;
2000;11;23;;;
2000;11;24;;;
2000;11;25;;;
2000;11;26;;;
2000;11;27;;;
2000;11;28;;;
2000;11;29;;;
2000;11;30;;;
2000;12;1;;;
2000;12;2;;;
2000;12;3;;;
2000;12;4;;;
2000;12;5;;;
2000;12;6;;;
2000;12;7;;;
2000;12;8;;;
2000;12;9;;;
2000;12;10;;;
2000;12;11;;;
2000;12;12;;;
2000;12;13;;;
2000;12;14;;;
2000;12;15;;;
2000;12;16;;;
2000;12;17;;;
2000;12;18;;;
2000;12;19;;;
2000;12;20;;;
2000;12;21;;;
2000;12;22;;;
2000;12;23;;;
2000;12;24;;;
2000;12;25;;;
2000;12;26;;;
2000;12;27;;;
2000;12;28;;;
2000;12;29;;;
2000;12;30;;;
2000;12;31;;;
2001;1;1;;;
2001;1;2;;;
2001;1;3;;;
2001;1;4;;;
2001;1;5;;;
2001;1;6;;;
2001;1;7;;;
2001;1;8;;;
2001;1;9;;;
2001;1;10;;;
2001;1;11;;;
2001;1;12;;;
2001;1;13;;;
2001;1;14;;;
2001;1;15;;;
2001;1;16;;;
2001;1;17;;;
2001;1;18;;;
2001;1;19;;;
2001;1;20;;;
2001;1;21;;;
2001;1;22;;;
2001;1;23;;;
2001;1;24;;;
2001;1;25;;;
2001;1;26;;;
2001;1;27;;;
2001;1;28;;;
2001;1;29;;;
2001;1;30;;;
2001;1;31;;;
2001;2;1;65.635;64.659;72.785
2001;2;2;66.234;65.465;69.585
2001;2;3;66.826;66.936;65.42
2001;2;4;65.609;65.607;63.02
2001;2;5;64.746;65.667;61.316
2001;2;6;65.58;65.761;61.271
2001;2;7;66.227;66.559;58.706
2001;2;8;69.145;72.517;61.291
2001;2;9;75.238;80.348;66.372
2001;2;10;76.905;84.694;66.469
2001;2;11;75.842;83.362;68.235
2001;2;12;76.226;83.702;68.847
2001;2;13;75.653;83.257;70.002
2001;2;14;79.164;86.37;77.559
2001;2;15;77.848;86.211;74.582
2001;2;16;77.79;84.988;82.302
2001;2;17;78.592;85.599;81.932
2001;2;18;78.498;85.469;81.563
2001;2;19;79.362;86.073;83.336
2001;2;20;77.556;85.093;81.252
2001;2;21;75.729;80.479;84.732
2001;2;22;74.306;77.327;84.553
2001;2;23;74.157;76.877;83.135
2001;2;24;74.464;78.186;82.712
2001;2;25;74.342;78.257;81.596
2001;2;26;69.191;67.92;82.482
2001;2;27;63.359;65.111;59.242
2001;2;28;63.84;65.518;60.865
2001;3;1;63.806;65.392;60.689
2001;3;2;64.116;65.992;61.224
2001;3;3;64.396;67.073;58.804
2001;3;4;63.884;66.313;61.374
2001;3;5;64.075;66.36;59.356
2001;3;6;63.985;66.294;58.718
2001;3;7;65.63;67.181;61.867
2001;3;8;65.673;67.23;60.976
2001;3;9;70.139;69.456;76.857
2001;3;10;74.944;73.603;88.199
2001;3;11;75.002;73.686;88.11
2001;3;12;74.967;73.641;88.19
2001;3;13;75.009;73.659;88.205
2001;3;14;74.188;73.038;85.158
2001;3;15;75.116;73.862;87.395
2001;3;16;75.127;74.059;86.985
2001;3;17;73.995;73.162;86.853
2001;3;18;73.953;73.127;86.911
2001;3;19;72.9;72.287;86.291
2001;3;20;72.688;71.831;85.723
2001;3;21;71.645;71.471;84.86
2001;3;22;70.983;70.524;84.816
2001;3;23;71.409;71.219;84.757
2001;3;24;70.742;71.036;83.7
2001;3;25;71.79;71.425;83.734
2001;3;26;70.817;70.823;83.909
2001;3;27;70.721;70.635;83.93
2001;3;28;72.527;71.527;82.996
2001;3;29;71.97;71.742;79.296
2001;3;30;73.069;71.807;83.389
2001;3;31;69.277;70.461;74.07
2001;4;1;69.706;71.338;72.401
2001;4;2;69.899;71.659;72.497
2001;4;3;69.875;71.615;72.551
2001;4;4;66.843;66.865;75.41
2001;4;5;67.104;67.087;76.233
2001;4;6;70.331;71.889;79.477
2001;4;7;70.456;72.06;79.498
2001;4;8;84.662;86.223;77.958
2001;4;9;83.004;84.021;75.666
2001;4;10;81.018;81.513;74.788
2001;4;11;79.087;78.14;74.815
2001;4;12;77.602;77.349;76.571
2001;4;13;79.219;79.824;77.255
2001;4;14;79.754;80.495;77.689
2001;4;15;79.579;80.398;77.699
2001;4;16;79.887;80.565;77.642
2001;4;17;79.689;80.835;77.327
2001;4;18;80.268;81.336;77.873
2001;4;19;81.056;83.521;77.675
2001;4;20;81.959;84.281;77.738
2001;4;21;82.918;85.179;77.758
2001;4;22;82.919;85.179;77.762
2001;4;23;83.409;85.562;77.831
2001;4;24;84.035;86.39;77.277
2001;4;25;83.772;86.14;77.418
2001;4;26;83.839;86.281;77.246
2001;4;27;83.793;86.276;77.161
2001;4;28;82.257;85.488;78.013
2001;4;29;82.262;85.808;77.991
2001;4;30;83.491;87.051;77.166
2001;5;1;82.834;87.953;77.114
2001;5;2;81.937;87.264;74.713
2001;5;3;81.872;86.892;73.18
2001;5;4;83.055;88.076;71.061
2001;5;5;85.929;90.44;66.8
2001;5;6;88.251;91.445;66.984
2001;5;7;89.546;91.407;66.419
2001;5;8;91.067;92.021;66.368
2001;5;9;92.92;92.668;65.921
2001;5;10;93.872;93.344;65.457
2001;5;11;93.964;93.412;66.039
2001;5;12;93.329;92.86;65.255
2001;5;13;93.275;92.658;65.667
2001;5;14;93.669;93.04;66.712
2001;5;15;93.642;92.991;66.719
2001;5;16;92.754;92.083;67.318
2001;5;17;88.0;85.602;67.201
2001;5;18;86.659;86.291;71.491
2001;5;19;77.412;77.897;74.071
2001;5;20;79.524;77.475;71.575
2001;5;21;80.625;79.075;71.447
2001;5;22;79.617;77.745;71.439
2001;5;23;84.848;83.794;71.836
2001;5;24;82.296;81.006;71.551
2001;5;25;87.254;85.893;67.791
2001;5;26;88.38;87.76;67.829
2001;5;27;87.124;86.98;68.527
2001;5;28;88.031;88.051;65.714
2001;5;29;89.616;87.271;62.255
2001;5;30;90.329;87.951;61.988
2001;5;31;90.359;87.896;61.064
2001;6;1;90.435;88.034;61.042
2001;6;2;89.629;87.591;62.013
2001;6;3;89.877;87.554;61.87
2001;6;4;89.604;87.288;60.576
2001;6;5;88.771;87.139;60.463
2001;6;6;88.668;86.986;60.413
2001;6;7;88.651;87.076;60.494
2001;6;8;87.717;85.529;61.088
2001;6;9;85.885;83.345;62.098
2001;6;10;82.146;78.561;64.996
2001;6;11;82.112;78.474;65.454
2001;6;12;81.892;78.064;65.459
2001;6;13;79.667;75.197;66.431
2001;6;14;77.475;71.77;65.823
2001;6;15;74.641;70.298;67.934
2001;6;16;;;
2001;6;17;;;
2001;6;18;;;
2001;6;19;;;
2001;6;20;;;
2001;6;21;;;
2001;6;22;;;
2001;6;23;;;
2001;6;24;;;
2001;6;25;;;
2001;6;26;;;
2001;6;27;;;
2001;6;28;;;
2001;6;29;;;
2001;6;30;;;
2001;7;1;;;
2001;7;2;;;
2001;7;3;51.94;23.185;51.574
2001;7;4;52.767;23.941;51.775
2001;7;5;52.744;23.386;51.768
2001;7;6;52.02;23.25;51.519
2001;7;7;51.993;23.43;51.551
2001;7;8;51.874;23.151;51.575
2001;7;9;51.471;22.397;51.563
2001;7;10;52.528;23.53;51.572
2001;7;11;50.091;21.615;52.397
2001;7;12;46.402;15.235;55.805
2001;7;13;46.616;15.631;55.755
2001;7;14;42.449;10.035;54.108
2001;7;15;42.701;10.355;54.469
2001;7;16;42.879;10.712;54.73
2001;7;17;44.52;11.883;55.09
2001;7;18;42.403;9.592;54.404
2001;7;19;43.927;10.908;54.237
2001;7;20;41.742;8.724;54.213
2001;7;21;43.896;10.406;54.503
2001;7;22;43.988;10.371;53.471
2001;7;23;44.511;10.417;51.784
2001;7;24;44.366;10.278;51.79
2001;7;25;44.706;10.743;51.691
2001;7;26;44.658;10.291;51.633
2001;7;27;44.58;10.412;51.034
2001;7;28;44.39;9.981;50.336
2001;7;29;44.301;10.224;50.415
2001;7;30;44.244;10.118;50.593
2001;7;31;44.14;9.886;49.959
2001;8;1;44.267;10.094;49.969
2001;8;2;40.634;6.719;48.609
2001;8;3;41.289;8.548;50.937
2001;8;4;41.756;7.852;48.902
2001;8;5;42.174;8.536;49.461
2001;8;6;41.229;8.784;49.717
2001;8;7;41.19;8.816;49.755
2001;8;8;41.322;8.763;50.039
2001;8;9;42.513;9.352;49.499
2001;8;10;42.67;10.06;49.639
2001;8;11;41.176;8.81;49.657
2001;8;12;42.244;8.858;49.479
2001;8;13;42.181;8.662;49.456
2001;8;14;42.623;8.811;48.784
2001;8;15;35.132;5.027;48.067
2001;8;16;42.355;9.32;48.439
2001;8;17;42.591;8.849;49.141
2001;8;18;42.281;9.336;48.33
2001;8;19;42.476;9.372;48.409
2001;8;20;39.327;9.315;43.435
2001;8;21;37.609;9.358;40.723
2001;8;22;38.121;11.187;39.932
2001;8;23;33.547;13.134;33.414
2001;8;24;33.22;12.52;33.506
2001;8;25;33.066;12.594;32.951
2001;8;26;36.616;10.93;39.117
2001;8;27;39.326;12.276;42.686
2001;8;28;38.11;9.637;43.979
2001;8;29;38.579;10.158;43.957
2001;8;30;38.994;9.812;43.205
2001;8;31;41.354;9.427;49.225
2001;9;1;41.99;9.77;48.267
2001;9;2;40.927;8.496;48.81
2001;9;3;41.073;8.776;48.819
2001;9;4;40.376;8.828;48.216
2001;9;5;42.393;9.603;48.589
2001;9;6;39.244;9.312;45.514
2001;9;7;39.499;9.361;46.015
2001;9;8;39.431;9.092;46.156
2001;9;9;39.2;9.502;46.122
2001;9;10;44.131;11.807;48.841
2001;9;11;34.654;10.88;44.426
2001;9;12;36.287;11.961;46.14
2001;9;13;36.056;11.425;45.762
2001;9;14;35.138;10.92;46.256
2001;9;15;33.145;12.102;45.89
2001;9;16;38.126;12.6;45.283
2001;9;17;37.437;12.015;44.297
2001;9;18;38.494;9.008;44.928
2001;9;19;38.736;9.101;45.247
2001;9;20;39.536;9.664;46.996
2001;9;21;39.49;9.284;45.761
2001;9;22;40.569;9.256;46.36
2001;9;23;39.798;9.594;47.26
2001;9;24;39.602;9.575;47.613
2001;9;25;39.978;9.617;47.908
2001;9;26;40.683;9.394;47.328
2001;9;27;40.839;9.307;48.297
2001;9;28;40.576;9.482;50.332
2001;9;29;36.496;11.689;59.992
2001;9;30;37.004;12.238;60.307
2001;10;1;41.991;22.32;69.587
2001;10;2;41.521;22.354;68.631
2001;10;3;43.924;26.172;68.828
2001;10;4;47.787;36.36;76.911
2001;10;5;50.372;32.608;72.399
2001;10;6;43.429;24.016;67.426
2001;10;7;42.539;21.43;65.174
2001;10;8;43.195;21.526;66.096
2001;10;9;42.063;17.746;63.051
2001;10;10;41.38;14.948;59.688
2001;10;11;40.326;14.118;58.57
2001;10;12;43.747;19.162;60.716
2001;10;13;44.021;18.987;59.927
2001;10;14;44.711;18.742;56.61
2001;10;15;43.555;18.695;59.178
2001;10;16;42.074;21.625;51.721
2001;10;17;47.424;29.282;49.749
2001;10;18;49.157;31.522;49.028
2001;10;19;49.542;33.958;48.141
2001;10;20;43.306;38.802;45.583
2001;10;21;43.189;40.885;49.59
2001;10;22;48.065;47.912;50.543
2001;10;23;44.928;44.152;51.912
2001;10;24;54.229;52.721;60.941
2001;10;25;55.88;55.929;66.619
2001;10;26;57.502;56.174;70.173
2001;10;27;60.498;59.267;74.795
2001;10;28;60.967;59.259;73.142
2001;10;29;62.201;60.974;75.71
2001;10;30;60.9;59.901;74.561
2001;10;31;61.836;60.831;77.082
2001;11;1;;;
2001;11;2;;;
2001;11;3;;;
2001;11;4;;;
2001;11;5;;;
2001;11;6;;;
2001;11;7;;;
2001;11;8;;;
2001;11;9;;;
2001;11;10;;;
2001;11;11;;;
2001;11;12;;;
2001;11;13;;;
2001;11;14;;;
2001;11;15;;;
2001;11;16;;;
2001;11;17;;;
2001;11;18;;;
2001;11;19;;;
2001;11;20;;;
2001;11;21;;;
2001;11;22;;;
2001;11;23;;;
2001;11;24;;;
2001;11;25;;;
2001;11;26;;;
2001;11;27;;;
2001;11;28;;;
2001;11;29;;;
2001;11;30;;;
2001;12;1;;;
2001;12;2;;;
2001;12;3;;;
2001;12;4;;;
2001;12;5;;;
2001;12;6;;;
2001;12;7;;;
2001;12;8;;;
2001;12;9;;;
2001;12;10;;;
2001;12;11;;;
2001;12;12;;;
2001;12;13;;;
2001;12;14;;;
2001;12;15;;;
2001;12;16;;;
2001;12;17;;;
2001;12;18;;;
2001;12;19;;;
2001;12;20;;;
2001;12;21;;;
2001;12;22;;;
2001;12;23;;;
2001;12;24;;;
2001;12;25;;;
2001;12;26;;;
2001;12;27;;;
2001;12;28;;;
2001;12;29;;;
2001;12;30;;;
2001;12;31;;;
2002;1;1;;;
2002;1;2;;;
2002;1;3;;;
2002;1;4;;;
2002;1;5;;;
2002;1;6;;;
2002;1;7;;;
2002;1;8;;;
2002;1;9;;;
2002;1;10;;;
2002;1;11;;;
2002;1;12;;;
2002;1;13;;;
2002;1;14;;;
2002;1;15;;;
2002;1;16;;;
2002;1;17;;;
2002;1;18;;;
2002;1;19;;;
2002;1;20;;;
2002;1;21;;;
2002;1;22;;;
2002;1;23;;;
2002;1;24;;;
2002;1;25;;;
2002;1;26;;;
2002;1;27;;;
2002;1;28;;;
2002;1;29;;;
2002;1;30;;;
2002;1;31;;;
2002;2;1;63.421;63.322;84.914
2002;2;2;64.68;64.753;83.708
2002;2;3;66.709;64.762;78.202
2002;2;4;65.77;65.131;76.302
2002;2;5;66.885;67.117;73.502
2002;2;6;66.682;66.925;72.886
2002;2;7;67.23;67.068;72.5
2002;2;8;69.415;67.796;63.048
2002;2;9;68.628;71.487;78.629
2002;2;10;66.721;71.065;60.692
2002;2;11;68.888;70.692;62.609
2002;2;12;67.704;68.578;69.915
2002;2;13;67.494;68.345;69.447
2002;2;14;67.482;70.934;79.206
2002;2;15;66.273;69.455;75.282
2002;2;16;66.141;67.569;77.63
2002;2;17;65.843;66.989;79.506
2002;2;18;65.804;67.827;77.276
2002;2;19;65.899;67.557;78.756
2002;2;20;65.706;66.625;77.6
2002;2;21;67.169;66.925;82.425
2002;2;22;66.164;66.723;86.089
2002;2;23;68.124;68.017;87.948
2002;2;24;67.763;68.297;86.314
2002;2;25;70.827;71.915;88.76
2002;2;26;73.043;74.804;88.066
2002;2;27;75.257;77.994;87.831
2002;2;28;74.544;77.196;87.897
2002;3;1;75.209;77.89;87.814
2002;3;2;75.649;78.885;87.501
2002;3;3;76.765;78.816;86.723
2002;3;4;77.1;79.416;85.799
2002;3;5;74.807;77.434;87.307
2002;3;6;76.22;78.998;86.355
2002;3;7;75.992;78.732;86.533
2002;3;8;76.622;77.803;85.577
2002;3;9;74.112;74.973;81.047
2002;3;10;69.687;70.059;84.897
2002;3;11;69.728;70.178;85.529
2002;3;12;69.685;70.167;85.418
2002;3;13;72.405;73.112;85.996
2002;3;14;71.119;72.443;84.978
2002;3;15;70.817;72.505;80.96
2002;3;16;71.733;73.557;78.847
2002;3;17;71.652;73.426;78.601
2002;3;18;71.128;72.588;78.776
2002;3;19;69.932;72.858;71.101
2002;3;20;;;
2002;3;21;;;
2002;3;22;;;
2002;3;23;;;
2002;3;24;;;
2002;3;25;;;
2002;3;26;;;
2002;3;27;;;
2002;3;28;67.562;68.935;49.039
2002;3;29;67.577;68.971;48.969
2002;3;30;70.478;72.944;52.01
2002;3;31;78.86;85.97;60.436
2002;4;1;83.395;91.056;74.186
2002;4;2;82.894;90.863;73.58
2002;4;3;84.455;91.764;78.514
2002;4;4;84.487;91.75;79.171
2002;4;5;85.825;92.276;79.702
2002;4;6;85.985;92.239;79.641
2002;4;7;85.747;92.064;79.329
2002;4;8;85.973;92.151;80.011
2002;4;9;85.464;91.789;79.745
2002;4;10;86.091;92.192;79.444
2002;4;11;85.254;91.192;79.05
2002;4;12;83.838;89.886;78.8
2002;4;13;82.019;86.73;79.538
2002;4;14;80.0;84.187;76.043
2002;4;15;;;
2002;4;16;73.247;77.18;69.578
2002;4;17;73.18;77.006;70.331
2002;4;18;73.434;77.221;69.077
2002;4;19;69.811;71.976;65.193
2002;4;20;76.218;78.349;67.579
2002;4;21;75.84;77.909;67.632
2002;4;22;77.63;80.869;67.712
2002;4;23;77.775;80.822;66.938
2002;4;24;75.855;77.835;67.623
2002;4;25;75.309;77.142;67.582
2002;4;26;68.865;68.615;65.234
2002;4;27;70.014;70.615;65.21
2002;4;28;75.569;77.115;81.219
2002;4;29;75.335;76.768;81.19
2002;4;30;76.023;77.755;81.362
2002;5;1;80.725;82.523;77.235
2002;5;2;80.703;82.445;77.145
2002;5;3;85.252;85.009;74.253
2002;5;4;87.366;86.457;72.214
2002;5;5;86.884;86.425;73.265
2002;5;6;89.501;89.336;71.069
2002;5;7;87.44;87.276;71.615
2002;5;8;89.154;89.305;71.593
2002;5;9;90.391;90.744;70.299
2002;5;10;91.036;91.809;70.168
2002;5;11;88.431;88.538;70.865
2002;5;12;82.245;85.406;75.391
2002;5;13;85.843;89.252;73.952
2002;5;14;84.005;86.586;74.851
2002;5;15;83.969;86.544;74.863
2002;5;16;81.453;83.484;75.487
2002;5;17;83.247;86.395;75.586
2002;5;18;85.795;88.743;74.311
2002;5;19;85.42;87.887;74.431
2002;5;20;84.709;87.586;74.762
2002;5;21;84.709;87.588;74.762
2002;5;22;86.115;88.246;73.56
2002;5;23;88.015;90.496;72.974
2002;5;24;85.346;84.058;72.182
2002;5;25;82.853;81.853;67.569
2002;5;26;82.27;81.602;69.634
2002;5;27;83.623;80.655;69.398
2002;5;28;83.13;79.73;68.961
2002;5;29;83.19;79.82;68.809
2002;5;30;82.537;78.334;69.025
2002;5;31;81.104;75.255;67.873
2002;6;1;81.029;75.131;68.476
2002;6;2;80.423;73.645;67.423
2002;6;3;72.65;59.609;66.716
2002;6;4;71.99;58.438;66.192
2002;6;5;72.267;58.837;66.033
2002;6;6;71.909;58.441;66.065
2002;6;7;70.969;55.852;63.608
2002;6;8;69.426;52.865;63.578
2002;6;9;68.6;53.448;61.924
2002;6;10;68.787;53.763;61.697
2002;6;11;67.699;52.141;61.657
2002;6;12;67.948;52.436;61.661
2002;6;13;65.23;49.274;58.201
2002;6;14;60.424;46.361;51.783
2002;6;15;53.812;43.995;44.736
2002;6;16;62.881;51.68;61.778
2002;6;17;64.579;49.469;68.128
2002;6;18;55.385;29.952;62.903
2002;6;19;55.158;29.772;62.597
2002;6;20;55.123;29.667;62.462
2002;6;21;54.658;29.63;63.612
2002;6;22;51.038;23.347;61.676
2002;6;23;53.164;25.181;62.607
2002;6;24;50.979;23.287;61.279
2002;6;25;50.47;22.55;61.026
2002;6;26;50.648;22.715;61.045
2002;6;27;51.92;23.482;60.426
2002;6;28;50.347;22.589;57.832
2002;6;29;42.062;10.899;53.497
2002;6;30;42.706;11.743;53.305
2002;7;1;42.363;11.248;52.181
2002;7;2;42.392;11.225;51.991
2002;7;3;46.268;13.679;51.47
2002;7;4;45.34;11.999;51.385
2002;7;5;46.721;14.355;51.47
2002;7;6;43.089;11.227;50.611
2002;7;7;43.521;11.298;51.121
2002;7;8;43.483;11.265;50.553
2002;7;9;43.341;11.021;50.452
2002;7;10;42.229;11.746;61.802
2002;7;11;40.824;9.159;62.256
2002;7;12;41.62;9.491;64.211
2002;7;13;42.11;9.947;64.185
2002;7;14;42.192;9.714;62.698
2002;7;15;41.612;8.639;62.723
2002;7;16;41.673;8.763;62.835
2002;7;17;36.996;8.297;44.844
2002;7;18;41.101;8.874;43.555
2002;7;19;38.772;6.44;47.068
2002;7;20;40.554;7.712;44.988
2002;7;21;41.511;7.997;46.628
2002;7;22;41.73;8.35;46.559
2002;7;23;41.54;8.04;46.347
2002;7;24;41.328;7.873;47.015
2002;7;25;41.556;7.567;45.852
2002;7;26;42.369;7.822;46.158
2002;7;27;42.034;7.396;45.533
2002;7;28;41.995;7.307;45.43
2002;7;29;41.886;7.358;45.249
2002;7;30;41.808;7.188;44.619
2002;7;31;41.601;6.93;44.821
2002;8;1;40.888;6.256;43.955
2002;8;2;40.355;5.816;43.986
2002;8;3;40.098;5.59;43.864
2002;8;4;40.583;6.087;43.965
2002;8;5;38.59;5.202;42.074
2002;8;6;38.331;5.669;41.238
2002;8;7;34.45;5.536;39.577
2002;8;8;34.441;5.591;39.555
2002;8;9;35.278;6.969;40.685
2002;8;10;33.138;6.162;38.576
2002;8;11;34.94;8.99;40.496
2002;8;12;34.623;8.933;40.191
2002;8;13;34.97;8.965;40.779
2002;8;14;35.83;8.327;47.256
2002;8;15;37.214;12.379;52.577
2002;8;16;37.683;7.592;45.29
2002;8;17;37.932;8.129;44.743
2002;8;18;38.42;7.587;45.341
2002;8;19;37.579;7.543;48.376
2002;8;20;35.909;6.866;43.111
2002;8;21;38.046;7.074;41.629
2002;8;22;37.977;5.749;40.887
2002;8;23;38.014;5.745;40.933
2002;8;24;37.856;5.861;40.937
2002;8;25;37.485;6.134;38.566
2002;8;26;38.486;6.537;40.36
2002;8;27;38.049;6.637;41.236
2002;8;28;37.624;5.902;40.634
2002;8;29;37.985;6.232;40.561
2002;8;30;38.28;6.395;40.795
2002;8;31;38.909;7.487;44.831
2002;9;1;37.831;8.064;44.478
2002;9;2;36.428;9.095;50.916
2002;9;3;36.957;10.583;53.332
2002;9;4;39.537;9.259;53.117
2002;9;5;39.436;9.292;53.015
2002;9;6;37.0;7.526;48.271
2002;9;7;35.921;7.711;49.786
2002;9;8;37.483;6.402;47.408
2002;9;9;39.068;6.831;48.579
2002;9;10;38.266;6.01;41.618
2002;9;11;37.938;6.153;39.776
2002;9;12;38.454;5.98;40.056
2002;9;13;38.744;5.255;36.973
2002;9;14;39.521;5.893;37.927
2002;9;15;38.401;5.305;36.649
2002;9;16;37.808;5.33;36.279
2002;9;17;38.742;5.429;35.999
2002;9;18;38.748;5.499;35.947
2002;9;19;39.204;6.67;35.865
2002;9;20;37.984;5.611;34.493
2002;9;21;36.401;6.492;29.877
2002;9;22;39.253;7.111;29.418
2002;9;23;37.287;6.755;33.407
2002;9;24;37.366;6.704;33.585
2002;9;25;36.087;7.646;31.694
2002;9;26;35.408;7.972;32.289
2002;9;27;35.233;8.031;33.18
2002;9;28;33.517;9.022;38.188
2002;9;29;35.617;9.468;41.208
2002;9;30;36.254;9.944;41.71
2002;10;1;35.265;9.879;40.25
2002;10;2;35.689;9.573;41.133
2002;10;3;34.821;9.318;41.038
2002;10;4;34.634;10.617;40.891
2002;10;5;33.478;12.093;40.96
2002;10;6;36.367;19.878;36.824
2002;10;7;38.357;22.826;37.297
2002;10;8;39.36;24.832;37.079
2002;10;9;39.563;27.649;36.062
2002;10;10;48.041;42.334;39.112
2002;10;11;50.841;46.558;31.821
2002;10;12;50.721;46.741;36.945
2002;10;13;53.373;51.41;39.387
2002;10;14;55.219;52.98;37.245
2002;10;15;57.469;54.932;39.155
2002;10;16;59.758;57.347;38.221
2002;10;17;61.516;60.789;41.546
2002;10;18;61.593;60.968;41.643
2002;10;19;64.127;62.014;38.308
2002;10;20;63.68;62.023;41.491
2002;10;21;64.169;62.306;38.697
2002;10;22;64.881;63.637;38.786
2002;10;23;67.175;66.211;59.179
2002;10;24;69.306;67.783;74.614
2002;10;25;69.283;68.707;80.892
2002;10;26;71.947;71.91;81.72
2002;10;27;72.115;72.147;81.717
2002;10;28;72.683;73.75;83.387
2002;10;29;72.292;72.504;81.141
2002;10;30;71.842;72.42;81.887
2002;10;31;72.975;73.628;79.048
2002;11;1;;;
2002;11;2;;;
2002;11;3;;;
2002;11;4;;;
2002;11;5;;;
2002;11;6;;;
2002;11;7;;;
2002;11;8;;;
2002;11;9;;;
2002;11;10;;;
2002;11;11;;;
2002;11;12;;;
2002;11;13;;;
2002;11;14;;;
2002;11;15;;;
2002;11;16;;;
2002;11;17;;;
2002;11;18;;;
2002;11;19;;;
2002;11;20;;;
2002;11;21;;;
2002;11;22;;;
2002;11;23;;;
2002;11;24;;;
2002;11;25;;;
2002;11;26;;;
2002;11;27;;;
2002;11;28;;;
2002;11;29;;;
2002;11;30;;;
2002;12;1;;;
2002;12;2;;;
2002;12;3;;;
2002;12;4;;;
2002;12;5;;;
2002;12;6;;;
2002;12;7;;;
2002;12;8;;;
2002;12;9;;;
2002;12;10;;;
2002;12;11;;;
2002;12;12;;;
2002;12;13;;;
2002;12;14;;;
2002;12;15;;;
2002;12;16;;;
2002;12;17;;;
2002;12;18;;;
2002;12;19;;;
2002;12;20;;;
2002;12;21;;;
2002;12;22;;;
2002;12;23;;;
2002;12;24;;;
2002;12;25;;;
2002;12;26;;;
2002;12;27;;;
2002;12;28;;;
2002;12;29;;;
2002;12;30;;;
2002;12;31;;;
2003;1;1;;;
2003;1;2;;;
2003;1;3;;;
2003;1;4;;;
2003;1;5;;;
2003;1;6;;;
2003;1;7;;;
2003;1;8;;;
2003;1;9;;;
2003;1;10;;;
2003;1;11;;;
2003;1;12;;;
2003;1;13;;;
2003;1;14;;;
2003;1;15;;;
2003;1;16;;;
2003;1;17;;;
2003;1;18;;;
2003;1;19;;;
2003;1;20;;;
2003;1;21;;;
2003;1;22;;;
2003;1;23;;;
2003;1;24;;;
2003;1;25;;;
2003;1;26;;;
2003;1;27;;;
2003;1;28;;;
2003;1;29;;;
2003;1;30;;;
2003;1;31;;;
2003;2;1;;;
2003;2;2;69.881;72.243;77.327
2003;2;3;72.347;74.426;82.451
2003;2;4;72.511;75.262;85.758
2003;2;5;73.096;75.881;86.255
2003;2;6;73.164;77.074;86.38
2003;2;7;72.458;75.96;85.722
2003;2;8;72.749;76.13;86.285
2003;2;9;72.497;76.23;86.047
2003;2;10;73.154;76.813;86.571
2003;2;11;73.577;77.523;86.1
2003;2;12;72.707;75.922;86.474
2003;2;13;70.335;72.604;86.166
2003;2;14;69.013;71.102;84.63
2003;2;15;68.1;69.371;79.504
2003;2;16;66.675;68.075;71.687
2003;2;17;62.54;63.012;54.729
2003;2;18;60.774;60.634;51.522
2003;2;19;61.449;60.867;60.167
2003;2;20;65.807;66.944;65.489
2003;2;21;60.564;60.66;51.141
2003;2;22;60.58;59.516;57.673
2003;2;23;60.491;59.614;56.684
2003;2;24;64.082;64.858;70.936
2003;2;25;63.501;64.752;69.993
2003;2;26;55.528;53.915;57.65
2003;2;27;57.186;53.961;76.413
2003;2;28;55.617;52.38;73.343
2003;3;1;55.616;52.175;73.82
2003;3;2;53.868;51.696;65.19
2003;3;3;55.063;52.403;70.026
2003;3;4;55.297;52.647;70.079
2003;3;5;61.702;63.427;69.971
2003;3;6;64.951;66.317;74.15
2003;3;7;66.999;67.161;80.945
2003;3;8;68.944;68.609;82.832
2003;3;9;78.868;80.167;86.658
2003;3;10;78.142;78.926;86.578
2003;3;11;79.893;83.911;85.56
2003;3;12;82.249;87.309;85.994
2003;3;13;82.081;87.092;85.617
2003;3;14;83.333;87.995;86.198
2003;3;15;82.532;87.494;85.736
2003;3;16;81.313;86.964;82.774
2003;3;17;79.805;84.224;81.098
2003;3;18;76.345;79.11;84.26
2003;3;19;77.775;82.206;81.359
2003;3;20;74.888;78.256;76.674
2003;3;21;73.483;75.717;79.226
2003;3;22;73.542;75.978;77.998
2003;3;23;72.78;74.414;80.076
2003;3;24;74.21;76.488;78.061
2003;3;25;73.257;75.03;78.881
2003;3;26;73.12;74.74;79.696
2003;3;27;73.404;75.172;79.035
2003;3;28;72.79;74.142;79.77
2003;3;29;77.601;81.26;76.096
2003;3;30;72.747;73.622;79.126
2003;3;31;73.501;74.761;79.556
2003;4;1;76.908;78.946;75.867
2003;4;2;79.864;82.513;73.853
2003;4;3;79.704;82.53;72.692
2003;4;4;78.322;79.777;69.125
2003;4;5;81.828;83.289;67.396
2003;4;6;82.31;84.052;67.618
2003;4;7;83.249;85.423;68.243
2003;4;8;77.441;78.125;72.618
2003;4;9;75.829;75.241;73.756
2003;4;10;75.32;74.475;74.314
2003;4;11;75.14;74.197;74.351
2003;4;12;74.768;73.691;74.476
2003;4;13;73.686;71.598;77.38
2003;4;14;78.429;70.473;61.288
2003;4;15;79.917;70.384;60.768
2003;4;16;79.954;70.468;60.747
2003;4;17;79.943;70.437;60.751
2003;4;18;78.71;69.032;60.874
2003;4;19;75.093;62.245;60.559
2003;4;20;72.893;59.344;62.01
2003;4;21;72.66;59.173;62.145
2003;4;22;72.672;59.206;62.146
2003;4;23;72.707;59.359;62.173
2003;4;24;69.804;55.095;64.131
2003;4;25;69.165;54.736;64.686
2003;4;26;66.734;51.934;65.409
2003;4;27;66.912;52.167;65.403
2003;4;28;66.769;51.926;65.441
2003;4;29;66.492;51.454;65.374
2003;4;30;74.288;67.792;66.886
2003;5;1;67.224;66.49;73.599
2003;5;2;67.283;66.457;73.705
2003;5;3;67.447;66.582;73.796
2003;5;4;67.41;66.119;73.738
2003;5;5;67.672;66.6;73.943
2003;5;6;68.098;66.474;73.379
2003;5;7;67.986;66.409;73.603
2003;5;8;68.352;66.915;76.96
2003;5;9;68.888;66.969;75.77
2003;5;10;70.572;67.931;73.046
2003;5;11;71.904;63.239;70.685
2003;5;12;71.762;62.969;70.709
2003;5;13;71.17;64.54;71.364
2003;5;14;70.414;62.731;71.23
2003;5;15;71.326;61.263;70.616
2003;5;16;70.471;58.784;69.923
2003;5;17;70.512;59.262;70.509
2003;5;18;69.325;56.697;69.69
2003;5;19;67.636;53.618;68.54
2003;5;20;66.286;51.285;68.105
2003;5;21;66.141;51.035;67.784
2003;5;22;63.337;47.082;68.147
2003;5;23;63.824;47.844;67.778
2003;5;24;62.967;46.713;68.341
2003;5;25;62.159;45.191;67.809
2003;5;26;61.984;45.15;68.014
2003;5;27;60.703;44.343;68.047
2003;5;28;61.01;43.925;67.462
2003;5;29;59.152;43.09;68.109
2003;5;30;58.842;42.607;66.855
2003;5;31;57.572;41.431;68.718
2003;6;1;55.812;39.343;68.107
2003;6;2;59.706;42.125;65.324
2003;6;3;58.563;40.915;65.829
2003;6;4;60.36;41.233;62.63
2003;6;5;51.619;31.751;60.523
2003;6;6;51.633;31.786;60.328
2003;6;7;52.291;32.887;60.585
2003;6;8;52.562;33.324;60.633
2003;6;9;52.731;33.725;60.687
2003;6;10;53.814;32.358;59.864
2003;6;11;55.764;35.262;59.766
2003;6;12;54.77;33.606;59.574
2003;6;13;54.354;32.968;59.546
2003;6;14;51.792;28.466;59.574
2003;6;15;50.988;26.269;59.219
2003;6;16;50.975;25.958;59.161
2003;6;17;47.718;16.03;54.393
2003;6;18;43.123;10.99;54.562
2003;6;19;45.127;12.295;54.809
2003;6;20;44.903;12.104;54.812
2003;6;21;44.882;11.773;54.573
2003;6;22;45.769;12.85;54.828
2003;6;23;45.897;12.253;54.861
2003;6;24;44.041;10.599;54.668
2003;6;25;44.08;10.176;54.38
2003;6;26;43.776;9.958;54.594
2003;6;27;43.965;10.087;54.618
2003;6;28;44.077;10.405;53.514
2003;6;29;40.277;8.57;51.974
2003;6;30;41.464;10.204;51.824
2003;7;1;40.587;9.613;52.147
2003;7;2;41.488;9.468;51.916
2003;7;3;41.654;9.611;49.942
2003;7;4;42.387;10.294;50.049
2003;7;5;45.077;15.515;49.811
2003;7;6;33.696;14.607;52.156
2003;7;7;31.638;12.776;49.105
2003;7;8;41.75;8.726;60.918
2003;7;9;41.692;8.596;57.268
2003;7;10;40.691;9.888;53.606
2003;7;11;43.145;8.384;53.095
2003;7;12;41.738;8.066;51.107
2003;7;13;42.718;8.543;52.216
2003;7;14;41.614;7.537;51.142
2003;7;15;41.7;7.832;50.918
2003;7;16;42.298;7.709;50.179
2003;7;17;41.539;7.447;48.632
2003;7;18;41.718;7.471;49.261
2003;7;19;41.103;6.752;48.339
2003;7;20;40.87;6.816;47.934
2003;7;21;41.286;6.945;47.271
2003;7;22;39.774;6.136;45.564
2003;7;23;38.419;6.217;45.661
2003;7;24;41.047;6.717;47.856
2003;7;25;41.108;7.388;47.67
2003;7;26;41.3;7.193;47.811
2003;7;27;41.026;7.283;47.935
2003;7;28;40.429;7.739;47.071
2003;7;29;42.37;7.978;48.227
2003;7;30;40.692;6.602;45.697
2003;7;31;40.642;6.461;45.278
2003;8;1;40.765;6.402;44.602
2003;8;2;40.789;6.382;44.807
2003;8;3;40.723;6.356;44.701
2003;8;4;40.281;6.115;42.709
2003;8;5;40.199;6.389;42.73
2003;8;6;40.426;6.751;43.086
2003;8;7;40.176;6.346;42.609
2003;8;8;39.907;5.934;42.763
2003;8;9;39.908;6.445;42.8
2003;8;10;39.526;7.079;42.422
2003;8;11;39.544;7.069;42.507
2003;8;12;37.353;7.009;41.968
2003;8;13;38.793;6.574;41.582
2003;8;14;38.088;6.437;42.154
2003;8;15;38.013;6.519;40.858
2003;8;16;38.083;6.846;40.887
2003;8;17;37.452;6.672;40.992
2003;8;18;38.6;6.017;40.256
2003;8;19;37.18;5.656;39.931
2003;8;20;37.236;5.336;38.312
2003;8;21;37.35;5.437;38.312
2003;8;22;37.312;5.338;38.323
2003;8;23;37.688;5.4;39.396
2003;8;24;37.059;5.238;38.923
2003;8;25;38.151;5.285;38.821
2003;8;26;38.391;5.45;39.979
2003;8;27;38.388;5.452;39.947
2003;8;28;38.085;5.441;39.783
2003;8;29;37.648;5.306;37.72
2003;8;30;38.312;5.505;38.17
2003;8;31;37.544;6.045;37.359
2003;9;1;37.518;6.017;37.313
2003;9;2;37.044;5.853;36.83
2003;9;3;36.649;6.297;34.864
2003;9;4;37.396;6.393;35.487
2003;9;5;34.724;6.949;34.405
2003;9;6;34.998;6.708;34.38
2003;9;7;37.8;7.022;34.776
2003;9;8;36.876;7.401;35.487
2003;9;9;37.206;7.182;35.666
2003;9;10;37.697;7.195;37.882
2003;9;11;40.218;7.332;40.868
2003;9;12;40.354;7.252;39.599
2003;9;13;39.937;7.432;40.443
2003;9;14;39.623;7.207;39.41
2003;9;15;39.812;7.509;41.088
2003;9;16;40.287;7.392;41.224
2003;9;17;40.118;7.43;40.007
2003;9;18;39.604;8.968;42.698
2003;9;19;39.69;8.664;43.306
2003;9;20;46.6;19.263;46.619
2003;9;21;62.323;48.632;52.64
2003;9;22;74.995;72.897;81.4
2003;9;23;73.338;70.838;78.412
2003;9;24;75.081;72.998;80.359
2003;9;25;73.896;72.127;80.018
2003;9;26;75.102;73.011;80.344
2003;9;27;75.859;73.492;78.862
2003;9;28;73.162;69.383;76.908
2003;9;29;71.795;66.615;77.079
2003;9;30;71.948;66.822;77.061
2003;10;1;66.858;58.342;73.296
2003;10;2;57.013;35.333;63.98
2003;10;3;61.319;48.187;71.574
2003;10;4;60.781;49.188;70.354
2003;10;5;61.26;51.05;66.238
2003;10;6;70.702;63.567;73.227
2003;10;7;70.441;63.485;72.301
2003;10;8;72.692;69.018;75.702
2003;10;9;71.83;69.422;68.587
2003;10;10;72.395;70.823;66.224
2003;10;11;72.506;68.874;67.347
2003;10;12;69.388;63.729;64.851
2003;10;13;65.558;60.423;58.418
2003;10;14;56.142;48.058;48.868
2003;10;15;56.206;47.826;48.579
2003;10;16;53.647;39.824;50.101
2003;10;17;66.319;60.791;54.348
2003;10;18;70.514;66.239;60.433
2003;10;19;72.082;67.171;69.518
2003;10;20;70.702;65.46;77.631
2003;10;21;70.127;64.073;74.95
2003;10;22;71.655;65.765;78.341
2003;10;23;69.221;61.96;72.362
2003;10;24;68.441;60.364;72.556
2003;10;25;68.355;60.765;77.506
2003;10;26;67.042;57.725;71.188
2003;10;27;66.141;56.412;72.59
2003;10;28;61.489;49.528;57.976
2003;10;29;58.885;46.416;52.614
2003;10;30;57.819;44.587;52.23
2003;10;31;56.313;42.231;42.836
2003;11;1;;;
2003;11;2;;;
2003;11;3;;;
2003;11;4;;;
2003;11;5;;;
2003;11;6;;;
2003;11;7;;;
2003;11;8;;;
2003;11;9;;;
2003;11;10;;;
2003;11;11;;;
2003;11;12;;;
2003;11;13;;;
2003;11;14;;;
2003;11;15;;;
2003;11;16;;;
2003;11;17;;;
2003;11;18;;;
2003;11;19;;;
2003;11;20;;;
2003;11;21;;;
2003;11;22;;;
2003;11;23;;;
2003;11;24;;;
2003;11;25;;;
2003;11;26;;;
2003;11;27;;;
2003;11;28;;;
2003;11;29;;;
2003;11;30;;;
2003;12;1;;;
2003;12;2;;;
2003;12;3;;;
2003;12;4;;;
2003;12;5;;;
2003;12;6;;;
2003;12;7;;;
2003;12;8;;;
2003;12;9;;;
2003;12;10;;;
2003;12;11;;;
2003;12;12;;;
2003;12;13;;;
2003;12;14;;;
2003;12;15;;;
2003;12;16;;;
2003;12;17;;;
2003;12;18;;;
2003;12;19;;;
2003;12;20;;;
2003;12;21;;;
2003;12;22;;;
2003;12;23;;;
2003;12;24;;;
2003;12;25;;;
2003;12;26;;;
2003;12;27;;;
2003;12;28;;;
2003;12;29;;;
2003;12;30;;;
2003;12;31;;;
2004;1;1;;;
2004;1;2;;;
2004;1;3;;;
2004;1;4;;;
2004;1;5;;;
2004;1;6;;;
2004;1;7;;;
2004;1;8;;;
2004;1;9;;;
2004;1;10;;;
2004;1;11;;;
2004;1;12;;;
2004;1;13;;;
2004;1;14;;;
2004;1;15;;;
2004;1;16;;;
2004;1;17;;;
2004;1;18;;;
2004;1;19;;;
2004;1;20;;;
2004;1;21;;;
2004;1;22;;;
2004;1;23;;;
2004;1;24;;;
2004;1;25;;;
2004;1;26;;;
2004;1;27;;;
2004;1;28;;;
2004;1;29;;;
2004;1;30;;;
2004;1;31;;;
2004;2;1;71.63;70.357;73.838
2004;2;2;63.967;66.93;83.398
2004;2;3;71.271;67.541;40.936
2004;2;4;68.275;67.366;59.998
2004;2;5;68.025;66.838;59.435
2004;2;6;72.252;70.923;65.133
2004;2;7;73.298;73.886;50.551
2004;2;8;75.658;75.011;40.392
2004;2;9;74.123;75.87;54.247
2004;2;10;77.04;78.689;49.923
2004;2;11;84.689;87.867;68.679
2004;2;12;83.155;86.902;57.211
2004;2;13;84.031;86.827;63.843
2004;2;14;84.244;88.226;76.449
2004;2;15;86.2;87.971;80.891
2004;2;16;85.874;87.43;83.354
2004;2;17;84.883;86.123;82.056
2004;2;18;82.158;81.27;82.174
2004;2;19;81.374;79.864;82.091
2004;2;20;82.244;79.514;79.98
2004;2;21;80.202;78.292;81.319
2004;2;22;77.631;73.139;70.554
2004;2;23;71.706;70.381;61.729
2004;2;24;76.631;71.972;70.595
2004;2;25;76.495;71.526;70.269
2004;2;26;58.119;58.17;47.756
2004;2;27;63.329;64.61;55.101
2004;2;28;64.363;65.279;60.374
2004;2;29;65.901;67.842;64.679
2004;3;1;71.282;73.205;73.336
2004;3;2;70.428;72.588;71.198
2004;3;3;70.936;72.903;72.643
2004;3;4;70.843;73.318;73.169
2004;3;5;71.234;73.068;74.337
2004;3;6;72.572;74.394;76.943
2004;3;7;71.527;73.66;74.144
2004;3;8;72.548;74.615;75.835
2004;3;9;73.098;73.919;77.944
2004;3;10;73.917;73.754;76.842
2004;3;11;75.791;76.846;76.709
2004;3;12;63.954;63.125;58.739
2004;3;13;63.859;63.247;59.642
2004;3;14;63.623;63.166;58.75
2004;3;15;63.309;63.221;59.331
2004;3;16;63.784;63.408;59.887
2004;3;17;65.69;65.365;55.643
2004;3;18;72.259;75.549;74.054
2004;3;19;74.079;76.156;79.72
2004;3;20;74.338;76.42;83.284
2004;3;21;76.929;78.6;81.115
2004;3;22;78.98;79.931;76.716
2004;3;23;79.17;79.832;79.191
2004;3;24;79.711;80.515;78.092
2004;3;25;80.29;81.079;77.469
2004;3;26;80.706;81.614;76.519
2004;3;27;80.618;81.411;76.49
2004;3;28;79.828;80.588;78.473
2004;3;29;80.893;81.819;76.011
2004;3;30;81.252;82.164;73.902
2004;3;31;81.251;82.163;73.842
2004;4;1;80.722;81.551;72.499
2004;4;2;79.424;80.186;75.218
2004;4;3;79.365;79.066;70.323
2004;4;4;74.74;73.481;59.664
2004;4;5;74.982;73.448;56.183
2004;4;6;74.862;73.475;56.341
2004;4;7;74.812;73.655;56.09
2004;4;8;74.904;72.627;65.59
2004;4;9;74.528;72.213;71.217
2004;4;10;74.84;72.742;71.595
2004;4;11;74.956;72.717;72.174
2004;4;12;74.942;72.741;72.23
2004;4;13;74.654;72.367;73.155
2004;4;14;73.457;70.446;72.861
2004;4;15;73.544;71.173;73.145
2004;4;16;73.838;72.267;72.563
2004;4;17;73.943;72.428;72.531
2004;4;18;73.876;72.374;72.509
2004;4;19;73.62;73.013;66.066
2004;4;20;72.884;75.245;66.932
2004;4;21;76.459;77.796;71.55
2004;4;22;75.646;75.092;73.08
2004;4;23;75.516;74.816;72.954
2004;4;24;74.969;74.336;73.158
2004;4;25;74.829;74.17;72.891
2004;4;26;74.996;73.629;73.023
2004;4;27;74.199;71.826;74.249
2004;4;28;72.963;70.299;73.329
2004;4;29;72.197;69.172;73.742
2004;4;30;73.553;70.982;73.636
2004;5;1;73.087;69.998;73.9
2004;5;2;72.728;68.55;74.349
2004;5;3;69.418;61.733;73.47
2004;5;4;79.164;74.095;70.063
2004;5;5;80.962;75.453;66.533
2004;5;6;80.743;73.302;65.687
2004;5;7;81.294;74.807;65.862
2004;5;8;81.515;74.65;65.678
2004;5;9;82.298;75.624;65.805
2004;5;10;80.523;73.599;65.754
2004;5;11;78.043;67.889;65.553
2004;5;12;77.795;68.225;65.683
2004;5;13;78.553;68.437;65.359
2004;5;14;78.587;68.466;65.389
2004;5;15;66.383;50.266;65.797
2004;5;16;61.171;46.677;69.246
2004;5;17;54.471;41.351;75.719
2004;5;18;54.905;42.066;75.702
2004;5;19;51.676;34.597;65.982
2004;5;20;53.942;34.322;68.895
2004;5;21;54.98;32.39;63.675
2004;5;22;56.573;30.809;58.572
2004;5;23;56.135;30.204;58.562
2004;5;24;56.063;31.115;59.339
2004;5;25;56.193;30.482;58.5
2004;5;26;56.947;29.966;59.166
2004;5;27;56.414;29.038;57.984
2004;5;28;55.983;28.79;58.228
2004;5;29;55.919;28.648;58.235
2004;5;30;53.567;24.639;57.646
2004;5;31;51.132;20.28;57.679
2004;6;1;47.986;16.076;56.34
2004;6;2;43.224;15.166;63.077
2004;6;3;44.336;13.975;58.439
2004;6;4;45.036;12.152;56.59
2004;6;5;45.041;11.207;55.13
2004;6;6;43.69;8.804;54.384
2004;6;7;44.037;9.354;54.69
2004;6;8;44.004;9.229;54.176
2004;6;9;43.81;8.888;54.157
2004;6;10;43.739;8.957;53.267
2004;6;11;43.677;8.648;53.175
2004;6;12;43.728;8.869;53.312
2004;6;13;43.615;8.712;53.14
2004;6;14;43.594;8.576;52.957
2004;6;15;43.316;8.578;52.031
2004;6;16;42.815;8.553;51.826
2004;6;17;41.718;8.777;51.656
2004;6;18;41.472;9.047;52.562
2004;6;19;39.94;8.642;52.204
2004;6;20;39.186;8.294;54.253
2004;6;21;38.798;8.355;57.925
2004;6;22;36.594;7.842;62.674
2004;6;23;36.113;7.13;58.485
2004;6;24;38.995;7.623;48.429
2004;6;25;38.683;7.561;49.983
2004;6;26;39.003;7.516;48.496
2004;6;27;35.134;6.628;49.689
2004;6;28;31.336;6.007;47.536
2004;6;29;34.658;6.935;49.057
2004;6;30;34.659;6.915;49.275
2004;7;1;35.671;6.612;45.297
2004;7;2;38.598;5.638;41.208
2004;7;3;38.992;5.899;41.449
2004;7;4;39.093;5.954;41.735
2004;7;5;38.738;5.044;41.694
2004;7;6;39.762;5.616;41.365
2004;7;7;39.516;5.674;41.006
2004;7;8;39.613;5.533;41.415
2004;7;9;39.264;5.623;40.853
2004;7;10;39.279;5.619;41.033
2004;7;11;39.358;5.588;40.605
2004;7;12;39.048;5.642;40.794
2004;7;13;38.825;4.825;40.727
2004;7;14;36.961;4.699;39.135
2004;7;15;38.818;5.546;41.211
2004;7;16;37.128;4.572;40.029
2004;7;17;36.325;6.291;43.358
2004;7;18;36.368;5.869;42.989
2004;7;19;36.974;6.384;42.838
2004;7;20;35.999;5.317;40.652
2004;7;21;35.087;5.049;36.641
2004;7;22;35.575;5.288;37.209
2004;7;23;35.398;5.187;36.624
2004;7;24;35.416;5.119;36.643
2004;7;25;36.874;5.807;35.921
2004;7;26;36.305;5.851;36.068
2004;7;27;36.671;6.174;35.927
2004;7;28;35.482;6.143;34.998
2004;7;29;35.291;6.03;35.115
2004;7;30;34.887;6.16;34.65
2004;7;31;34.57;5.745;34.002
2004;8;1;34.472;5.827;33.981
2004;8;2;28.586;4.923;31.415
2004;8;3;28.675;5.077;31.371
2004;8;4;33.112;5.886;28.1
2004;8;5;35.998;5.199;28.067
2004;8;6;36.026;3.625;27.291
2004;8;7;36.899;3.577;27.219
2004;8;8;36.72;3.429;26.981
2004;8;9;36.642;3.353;27.202
2004;8;10;36.674;3.417;27.15
2004;8;11;36.173;2.813;27.497
2004;8;12;36.437;2.985;27.799
2004;8;13;36.454;2.985;27.666
2004;8;14;36.326;2.832;27.874
2004;8;15;36.255;2.973;27.946
2004;8;16;36.149;3.128;28.45
2004;8;17;37.021;3.459;30.224
2004;8;18;37.6;4.27;31.875
2004;8;19;37.488;4.25;32.791
2004;8;20;37.601;4.553;33.784
2004;8;21;37.653;4.686;33.912
2004;8;22;38.179;5.216;34.531
2004;8;23;37.824;4.917;34.782
2004;8;24;37.383;4.971;34.295
2004;8;25;37.487;4.627;35.734
2004;8;26;37.475;4.657;35.736
2004;8;27;37.562;4.67;35.38
2004;8;28;37.868;5.268;34.808
2004;8;29;37.683;6.652;42.679
2004;8;30;36.646;7.036;47.776
2004;8;31;34.683;6.238;44.737
2004;9;1;35.432;7.022;44.789
2004;9;2;33.696;6.634;48.968
2004;9;3;37.449;9.689;49.317
2004;9;4;36.341;7.18;43.605
2004;9;5;30.79;7.571;33.264
2004;9;6;34.027;7.461;37.763
2004;9;7;33.755;7.087;35.33
2004;9;8;33.932;7.68;35.678
2004;9;9;34.77;7.577;27.431
2004;9;10;35.212;10.409;51.022
2004;9;11;38.637;11.321;62.405
2004;9;12;40.027;13.639;59.722
2004;9;13;39.449;13.843;58.326
2004;9;14;39.96;14.291;58.301
2004;9;15;40.556;16.562;74.334
2004;9;16;41.532;19.679;70.979
2004;9;17;43.224;25.223;66.23
2004;9;18;39.465;17.929;70.714
2004;9;19;39.587;17.892;71.168
2004;9;20;39.245;17.245;68.386
2004;9;21;40.084;21.131;61.104
2004;9;22;39.046;18.156;64.171
2004;9;23;39.279;16.075;69.315
2004;9;24;40.644;14.933;65.472
2004;9;25;40.509;14.114;64.585
2004;9;26;40.812;14.585;66.196
2004;9;27;40.525;13.916;66.708
2004;9;28;40.769;14.107;66.007
2004;9;29;41.161;12.535;59.686
2004;9;30;40.731;12.572;61.428
2004;10;1;41.783;14.506;62.963
2004;10;2;42.458;16.949;66.844
2004;10;3;56.587;40.64;69.385
2004;10;4;60.093;46.103;75.343
2004;10;5;61.429;48.653;77.748
2004;10;6;62.722;50.908;78.15
2004;10;7;64.729;54.915;78.123
2004;10;8;62.404;50.362;78.428
2004;10;9;59.78;45.823;76.388
2004;10;10;61.525;49.227;77.154
2004;10;11;59.285;44.495;74.697
2004;10;12;58.669;43.443;74.676
2004;10;13;56.078;38.006;67.253
2004;10;14;49.391;27.34;63.187
2004;10;15;44.399;19.251;56.741
2004;10;16;47.405;19.593;58.834
2004;10;17;44.535;20.646;57.935
2004;10;18;46.53;24.125;57.751
2004;10;19;54.3;32.776;63.042
2004;10;20;63.364;47.875;60.715
2004;10;21;64.654;48.305;63.296
2004;10;22;62.117;62.031;82.448
2004;10;23;71.844;69.218;87.849
2004;10;24;72.358;70.027;87.753
2004;10;25;74.155;72.868;86.786
2004;10;26;79.079;77.989;84.997
2004;10;27;78.417;77.275;84.9
2004;10;28;79.182;77.34;84.058
2004;10;29;79.619;77.918;79.579
2004;10;30;79.141;77.984;74.883
2004;10;31;78.454;76.869;67.034
2004;11;1;;;
2004;11;2;;;
2004;11;3;;;
2004;11;4;;;
2004;11;5;;;
2004;11;6;;;
2004;11;7;;;
2004;11;8;;;
2004;11;9;;;
2004;11;10;;;
2004;11;11;;;
2004;11;12;;;
2004;11;13;;;
2004;11;14;;;
2004;11;15;;;
2004;11;16;;;
2004;11;17;;;
2004;11;18;;;
2004;11;19;;;
2004;11;20;;;
2004;11;21;;;
2004;11;22;;;
2004;11;23;;;
2004;11;24;;;
2004;11;25;;;
2004;11;26;;;
2004;11;27;;;
2004;11;28;;;
2004;11;29;;;
2004;11;30;;;
2004;12;1;;;
2004;12;2;;;
2004;12;3;;;
2004;12;4;;;
2004;12;5;;;
2004;12;6;;;
2004;12;7;;;
2004;12;8;;;
2004;12;9;;;
2004;12;10;;;
2004;12;11;;;
2004;12;12;;;
2004;12;13;;;
2004;12;14;;;
2004;12;15;;;
2004;12;16;;;
2004;12;17;;;
2004;12;18;;;
2004;12;19;;;
2004;12;20;;;
2004;12;21;;;
2004;12;22;;;
2004;12;23;;;
2004;12;24;;;
2004;12;25;;;
2004;12;26;;;
2004;12;27;;;
2004;12;28;;;
2004;12;29;;;
2004;12;30;;;
2004;12;31;;;
2005;1;1;;;
2005;1;2;;;
2005;1;3;;;
2005;1;4;;;
2005;1;5;;;
2005;1;6;;;
2005;1;7;;;
2005;1;8;;;
2005;1;9;;;
2005;1;10;;;
2005;1;11;;;
2005;1;12;;;
2005;1;13;;;
2005;1;14;;;
2005;1;15;;;
2005;1;16;;;
2005;1;17;;;
2005;1;18;;;
2005;1;19;;;
2005;1;20;;;
2005;1;21;;;
2005;1;22;;;
2005;1;23;;;
2005;1;24;;;
2005;1;25;;;
2005;1;26;;;
2005;1;27;;;
2005;1;28;;;
2005;1;29;;;
2005;1;30;;;
2005;1;31;;;
2005;2;1;77.744;72.305;77.462
2005;2;2;75.047;71.173;76.999
2005;2;3;74.564;71.115;77.372
2005;2;4;72.19;70.741;79.616
2005;2;5;68.722;68.097;79.046
2005;2;6;69.341;68.835;80.49
2005;2;7;68.586;68.918;81.047
2005;2;8;68.275;68.972;81.4
2005;2;9;68.695;69.011;82.062
2005;2;10;68.593;68.836;80.84
2005;2;11;70.638;70.743;81.426
2005;2;12;71.817;71.91;79.336
2005;2;13;71.563;72.576;82.232
2005;2;14;71.604;72.271;81.661
2005;2;15;75.098;75.243;81.305
2005;2;16;75.321;74.73;79.222
2005;2;17;77.373;76.091;78.422
2005;2;18;78.461;76.795;77.969
2005;2;19;79.665;76.932;78.737
2005;2;20;79.665;76.958;78.872
2005;2;21;79.278;75.976;77.664
2005;2;22;80.091;76.466;78.221
2005;2;23;80.052;76.365;78.258
2005;2;24;79.898;75.885;78.405
2005;2;25;79.738;75.868;78.254
2005;2;26;79.189;75.01;76.793
2005;2;27;79.595;75.364;77.797
2005;2;28;78.501;74.161;76.732
2005;3;1;76.86;72.784;74.516
2005;3;2;75.314;71.222;69.8
2005;3;3;74.401;70.116;65.233
2005;3;4;73.545;68.952;64.394
2005;3;5;72.086;67.705;63.334
2005;3;6;72.676;67.818;63.412
2005;3;7;72.1;67.146;60.554
2005;3;8;72.523;67.839;61.707
2005;3;9;72.119;67.577;63.071
2005;3;10;72.114;67.567;63.047
2005;3;11;71.136;65.737;59.567
2005;3;12;66.65;60.763;57.642
2005;3;13;59.705;58.232;58.062
2005;3;14;59.828;58.56;57.712
2005;3;15;60.727;58.834;56.874
2005;3;16;61.809;58.457;60.638
2005;3;17;76.284;70.749;59.754
2005;3;18;74.499;74.135;61.863
2005;3;19;83.045;76.959;60.081
2005;3;20;78.739;75.655;58.832
2005;3;21;79.713;77.203;60.43
2005;3;22;83.631;76.566;58.854
2005;3;23;80.51;71.318;58.7
2005;3;24;79.403;69.561;58.067
2005;3;25;79.365;69.507;58.04
2005;3;26;79.431;69.596;58.05
2005;3;27;79.317;69.488;57.469
2005;3;28;77.821;66.937;57.866
2005;3;29;77.208;66.511;56.291
2005;3;30;78.268;67.96;56.57
2005;3;31;77.645;66.887;56.606
2005;4;1;77.649;66.885;56.619
2005;4;2;78.004;68.481;57.426
2005;4;3;74.094;65.546;48.765
2005;4;4;71.811;72.631;76.238
2005;4;5;71.635;72.477;74.935
2005;4;6;71.869;72.449;75.78
2005;4;7;71.61;72.061;75.453
2005;4;8;71.85;72.399;75.453
2005;4;9;71.806;72.838;81.128
2005;4;10;70.778;71.079;79.202
2005;4;11;71.515;72.057;81.201
2005;4;12;71.01;71.498;80.613
2005;4;13;71.114;71.657;79.013
2005;4;14;72.497;72.612;74.867
2005;4;15;77.192;75.482;64.434
2005;4;16;81.853;76.917;61.683
2005;4;17;81.478;76.029;61.284
2005;4;18;81.269;75.783;61.364
2005;4;19;80.927;74.333;59.811
2005;4;20;80.488;74.101;60.628
2005;4;21;79.637;72.319;60.527
2005;4;22;79.143;71.797;60.516
2005;4;23;79.34;71.713;60.373
2005;4;24;77.761;69.573;59.805
2005;4;25;76.902;68.403;60.593
2005;4;26;76.562;67.2;59.657
2005;4;27;74.468;66.527;60.952
2005;4;28;71.928;64.485;62.185
2005;4;29;70.229;64.422;68.304
2005;4;30;68.846;64.239;72.661
2005;5;1;69.63;65.937;74.949
2005;5;2;70.034;68.04;74.859
2005;5;3;67.829;63.324;74.428
2005;5;4;70.003;65.421;75.74
2005;5;5;66.525;62.956;73.167
2005;5;6;65.181;59.201;73.51
2005;5;7;64.083;57.307;73.137
2005;5;8;60.302;50.41;72.865
2005;5;9;56.242;41.67;72.197
2005;5;10;54.45;39.489;70.507
2005;5;11;53.016;35.979;68.512
2005;5;12;52.173;34.939;68.006
2005;5;13;51.682;33.8;66.566
2005;5;14;50.756;31.877;64.896
2005;5;15;51.884;34.129;65.088
2005;5;16;50.455;30.156;61.632
2005;5;17;50.956;29.66;59.003
2005;5;18;51.459;28.649;57.259
2005;5;19;50.651;27.86;56.727
2005;5;20;50.678;32.985;62.6
2005;5;21;49.701;26.41;54.892
2005;5;22;49.56;31.126;72.267
2005;5;23;44.82;22.193;68.572
2005;5;24;45.504;20.364;68.604
2005;5;25;45.767;20.778;68.306
2005;5;26;44.133;17.088;67.323
2005;5;27;43.02;15.549;66.569
2005;5;28;43.441;15.728;66.541
2005;5;29;42.94;14.766;66.508
2005;5;30;43.489;14.235;64.182
2005;5;31;41.803;12.238;63.126
2005;6;1;41.561;12.041;63.186
2005;6;2;40.743;10.505;61.582
2005;6;3;42.267;9.953;60.729
2005;6;4;42.0;8.761;57.089
2005;6;5;41.097;8.238;55.989
2005;6;6;39.388;7.355;51.219
2005;6;7;37.976;5.665;43.779
2005;6;8;37.611;5.772;42.54
2005;6;9;38.738;6.732;44.723
2005;6;10;37.564;5.351;39.827
2005;6;11;37.9;5.468;34.326
2005;6;12;39.31;6.027;32.244
2005;6;13;38.211;5.893;34.139
2005;6;14;37.812;5.732;34.134
2005;6;15;37.714;5.496;31.475
2005;6;16;38.593;5.019;32.018
2005;6;17;38.893;5.453;31.986
2005;6;18;40.891;6.127;46.313
2005;6;19;37.316;5.142;40.186
2005;6;20;37.75;5.122;38.432
2005;6;21;38.403;4.78;30.748
2005;6;22;38.696;5.266;30.691
2005;6;23;39.45;5.514;31.548
2005;6;24;38.579;4.85;30.403
2005;6;25;38.669;5.26;30.984
2005;6;26;38.763;5.354;30.106
2005;6;27;38.796;5.943;31.432
2005;6;28;38.097;5.271;31.282
2005;6;29;37.667;6.269;29.549
2005;6;30;36.312;6.249;31.095
2005;7;1;37.059;6.432;30.156
2005;7;2;33.58;7.053;35.928
2005;7;3;35.931;3.477;29.271
2005;7;4;36.704;4.157;32.172
2005;7;5;37.056;4.494;32.808
2005;7;6;36.304;4.019;26.456
2005;7;7;37.259;3.893;24.287
2005;7;8;37.141;3.515;23.734
2005;7;9;36.717;3.46;22.305
2005;7;10;36.537;3.476;22.608
2005;7;11;36.665;3.426;21.925
2005;7;12;36.604;3.364;21.818
2005;7;13;35.98;3.214;22.014
2005;7;14;35.643;3.259;21.869
2005;7;15;34.515;2.972;21.985
2005;7;16;35.274;3.054;21.835
2005;7;17;31.818;2.491;21.192
2005;7;18;31.168;2.219;20.29
2005;7;19;34.549;2.49;17.994
2005;7;20;32.403;2.619;17.693
2005;7;21;30.969;2.64;17.757
2005;7;22;32.605;2.736;18.111
2005;7;23;34.001;2.54;17.41
2005;7;24;34.368;2.597;17.068
2005;7;25;34.281;2.621;17.331
2005;7;26;33.89;2.596;17.296
2005;7;27;34.313;2.634;17.391
2005;7;28;34.093;2.511;17.137
2005;7;29;33.979;2.577;17.162
2005;7;30;33.658;2.616;17.437
2005;7;31;33.433;2.682;17.372
2005;8;1;34.921;2.841;17.827
2005;8;2;33.841;2.38;17.496
2005;8;3;33.88;2.538;17.767
2005;8;4;32.769;2.056;20.757
2005;8;5;28.579;2.806;28.304
2005;8;6;31.847;3.129;28.104
2005;8;7;29.876;2.824;21.627
2005;8;8;29.32;2.254;24.031
2005;8;9;29.52;2.455;23.999
2005;8;10;29.262;2.346;23.964
2005;8;11;31.03;3.039;21.517
2005;8;12;27.694;3.343;19.673
2005;8;13;28.211;3.056;19.014
2005;8;14;29.509;2.964;19.932
2005;8;15;29.382;2.999;19.985
2005;8;16;28.749;3.015;20.388
2005;8;17;30.18;4.339;21.615
2005;8;18;30.248;4.216;21.637
2005;8;19;31.582;4.399;21.395
2005;8;20;30.761;4.412;21.494
2005;8;21;30.648;4.444;21.747
2005;8;22;30.313;4.515;21.637
2005;8;23;31.23;4.945;21.639
2005;8;24;33.156;4.974;21.362
2005;8;25;29.134;12.712;27.24
2005;8;26;38.253;16.295;51.259
2005;8;27;41.117;18.682;56.436
2005;8;28;40.521;17.653;58.301
2005;8;29;39.442;13.565;67.303
2005;8;30;40.403;11.55;61.337
2005;8;31;40.531;11.608;64.03
2005;9;1;40.477;11.61;61.103
2005;9;2;40.315;11.353;60.9
2005;9;3;41.134;12.88;61.284
2005;9;4;42.059;13.421;61.162
2005;9;5;41.211;14.039;62.521
2005;9;6;41.293;14.17;60.816
2005;9;7;41.263;13.99;60.765
2005;9;8;42.794;16.495;60.635
2005;9;9;45.356;21.008;65.389
2005;9;10;51.493;36.6;68.451
2005;9;11;51.23;36.407;69.26
2005;9;12;50.73;35.565;69.071
2005;9;13;50.919;35.988;68.959
2005;9;14;49.135;33.366;70.509
2005;9;15;53.365;40.032;66.488
2005;9;16;65.408;59.303;74.031
2005;9;17;64.364;57.576;73.535
2005;9;18;65.862;60.049;73.918
2005;9;19;67.687;64.014;74.501
2005;9;20;68.67;65.549;75.313
2005;9;21;71.266;69.104;76.614
2005;9;22;69.615;68.47;76.543
2005;9;23;70.168;69.29;76.394
2005;9;24;70.302;69.552;76.133
2005;9;25;70.76;69.023;78.487
2005;9;26;70.869;69.243;76.791
2005;9;27;78.469;81.654;82.062
2005;9;28;76.438;78.586;81.022
2005;9;29;79.743;83.715;79.778
2005;9;30;78.717;82.486;78.389
2005;10;1;80.143;83.424;76.669
2005;10;2;82.293;86.084;78.238
2005;10;3;80.218;83.438;75.362
2005;10;4;80.694;84.532;72.003
2005;10;5;78.908;81.459;77.557
2005;10;6;80.747;84.315;75.571
2005;10;7;77.87;82.555;64.1
2005;10;8;71.999;74.501;60.259
2005;10;9;71.337;73.42;60.308
2005;10;10;67.28;66.853;59.929
2005;10;11;64.809;65.727;54.561
2005;10;12;64.76;65.963;54.026
2005;10;13;70.709;65.47;68.094
2005;10;14;70.809;65.479;68.375
2005;10;15;69.064;62.847;68.772
2005;10;16;68.982;62.935;68.88
2005;10;17;71.868;71.172;80.971
2005;10;18;79.323;76.027;84.456
2005;10;19;79.158;77.76;85.15
2005;10;20;78.85;77.302;85.205
2005;10;21;75.933;73.108;85.509
2005;10;22;76.706;75.659;85.936
2005;10;23;78.392;76.301;84.977
2005;10;24;76.956;77.081;85.504
2005;10;25;76.183;75.847;85.476
2005;10;26;73.836;74.18;85.172
2005;10;27;75.461;77.053;85.446
2005;10;28;71.912;71.723;85.331
2005;10;29;66.552;67.547;81.353
2005;10;30;70.797;70.292;84.005
2005;10;31;70.74;70.482;83.706
2005;11;1;;;
2005;11;2;;;
2005;11;3;;;
2005;11;4;;;
2005;11;5;;;
2005;11;6;;;
2005;11;7;;;
2005;11;8;;;
2005;11;9;;;
2005;11;10;;;
2005;11;11;;;
2005;11;12;;;
2005;11;13;;;
2005;11;14;;;
2005;11;15;;;
2005;11;16;;;
2005;11;17;;;
2005;11;18;;;
2005;11;19;;;
2005;11;20;;;
2005;11;21;;;
2005;11;22;;;
2005;11;23;;;
2005;11;24;;;
2005;11;25;;;
2005;11;26;;;
2005;11;27;;;
2005;11;28;;;
2005;11;29;;;
2005;11;30;;;
2005;12;1;;;
2005;12;2;;;
2005;12;3;;;
2005;12;4;;;
2005;12;5;;;
2005;12;6;;;
2005;12;7;;;
2005;12;8;;;
2005;12;9;;;
2005;12;10;;;
2005;12;11;;;
2005;12;12;;;
2005;12;13;;;
2005;12;14;;;
2005;12;15;;;
2005;12;16;;;
2005;12;17;;;
2005;12;18;;;
2005;12;19;;;
2005;12;20;;;
2005;12;21;;;
2005;12;22;;;
2005;12;23;;;
2005;12;24;;;
2005;12;25;;;
2005;12;26;;;
2005;12;27;;;
2005;12;28;;;
2005;12;29;;;
2005;12;30;;;
2005;12;31;;;
2006;1;1;;;
2006;1;2;;;
2006;1;3;;;
2006;1;4;;;
2006;1;5;;;
2006;1;6;;;
2006;1;7;;;
2006;1;8;;;
2006;1;9;;;
2006;1;10;;;
2006;1;11;;;
2006;1;12;;;
2006;1;13;;;
2006;1;14;;;
2006;1;15;;;
2006;1;16;;;
2006;1;17;;;
2006;1;18;;;
2006;1;19;;;
2006;1;20;;;
2006;1;21;;;
2006;1;22;;;
2006;1;23;;;
2006;1;24;;;
2006;1;25;;;
2006;1;26;;;
2006;1;27;;;
2006;1;28;;;
2006;1;29;;;
2006;1;30;;;
2006;1;31;;;
2006;2;1;71.368;72.19;81.888
2006;2;2;66.775;69.676;86.049
2006;2;3;67.42;70.924;79.134
2006;2;4;66.284;69.261;79.121
2006;2;5;68.145;71.793;80.105
2006;2;6;67.723;71.604;80.104
2006;2;7;67.233;71.245;81.503
2006;2;8;69.031;71.068;66.795
2006;2;9;72.809;75.212;80.647
2006;2;10;72.429;74.408;79.634
2006;2;11;70.068;70.191;80.905
2006;2;12;70.296;70.053;79.914
2006;2;13;71.212;71.1;62.458
2006;2;14;75.039;76.447;87.31
2006;2;15;71.181;70.929;87.67
2006;2;16;71.405;70.858;87.584
2006;2;17;71.589;71.208;87.311
2006;2;18;71.88;71.572;86.923
2006;2;19;70.572;71.239;89.695
2006;2;20;73.78;73.201;89.228
2006;2;21;73.234;73.199;87.25
2006;2;22;74.19;74.959;87.149
2006;2;23;73.745;74.381;87.906
2006;2;24;73.615;74.367;86.845
2006;2;25;80.538;80.545;79.98
2006;2;26;75.847;75.717;66.367
2006;2;27;76.071;75.261;73.817
2006;2;28;75.116;73.687;72.506
2006;3;1;75.808;74.707;71.871
2006;3;2;75.541;74.18;72.869
2006;3;3;67.903;67.889;55.764
2006;3;4;73.735;72.945;84.903
2006;3;5;71.408;69.336;84.794
2006;3;6;74.61;73.866;86.742
2006;3;7;74.989;74.371;86.662
2006;3;8;76.823;77.462;86.657
2006;3;9;77.241;77.663;85.972
2006;3;10;77.113;76.616;83.187
2006;3;11;78.558;78.532;85.064
2006;3;12;80.49;79.955;82.703
2006;3;13;80.525;80.035;82.639
2006;3;14;80.154;79.406;82.742
2006;3;15;80.717;80.563;79.822
2006;3;16;79.706;79.122;79.972
2006;3;17;82.293;80.906;76.806
2006;3;18;79.49;78.46;78.689
2006;3;19;79.28;78.377;80.033
2006;3;20;80.542;77.954;74.876
2006;3;21;79.254;76.417;73.477
2006;3;22;79.176;75.978;74.806
2006;3;23;69.854;70.215;69.088
2006;3;24;68.196;69.772;69.281
2006;3;25;68.406;70.322;68.897
2006;3;26;68.051;69.684;67.79
2006;3;27;68.409;70.143;70.867
2006;3;28;68.445;70.182;70.043
2006;3;29;70.359;70.878;85.445
2006;3;30;70.346;70.859;85.42
2006;3;31;70.969;71.433;85.298
2006;4;1;71.022;71.512;85.254
2006;4;2;71.111;71.621;85.587
2006;4;3;70.768;71.464;85.179
2006;4;4;71.346;72.036;85.316
2006;4;5;75.067;77.22;83.89
2006;4;6;74.791;76.782;83.868
2006;4;7;74.938;76.969;83.833
2006;4;8;74.856;76.981;83.719
2006;4;9;75.268;77.265;80.899
2006;4;10;78.345;81.137;80.659
2006;4;11;79.756;82.074;79.739
2006;4;12;79.477;81.922;79.573
2006;4;13;79.637;82.098;79.563
2006;4;14;75.882;79.096;79.678
2006;4;15;74.391;75.303;79.823
2006;4;16;72.247;73.117;78.181
2006;4;17;73.201;73.8;77.34
2006;4;18;73.166;73.759;77.299
2006;4;19;73.781;74.63;77.841
2006;4;20;73.13;72.95;76.016
2006;4;21;73.151;73.568;78.773
2006;4;22;73.814;74.554;78.474
2006;4;23;74.668;75.228;78.898
2006;4;24;74.661;75.501;78.834
2006;4;25;74.753;75.367;78.931
2006;4;26;75.148;76.488;79.228
2006;4;27;75.9;77.424;79.094
2006;4;28;76.909;78.415;79.052
2006;4;29;75.205;76.736;79.344
2006;4;30;76.56;78.727;79.04
2006;5;1;84.586;85.502;77.271
2006;5;2;88.236;89.597;74.484
2006;5;3;88.757;88.644;68.119
2006;5;4;87.05;83.385;61.462
2006;5;5;86.986;83.247;61.525
2006;5;6;88.01;84.796;62.339
2006;5;7;87.233;83.631;61.57
2006;5;8;87.252;83.795;60.752
2006;5;9;86.772;82.918;62.6
2006;5;10;87.003;83.443;62.872
2006;5;11;86.647;83.022;63.449
2006;5;12;85.295;81.115;62.097
2006;5;13;85.204;80.961;62.134
2006;5;14;81.26;78.195;68.704
2006;5;15;77.777;75.184;67.224
2006;5;16;77.597;75.016;67.314
2006;5;17;72.887;69.98;73.219
2006;5;18;72.85;69.864;73.16
2006;5;19;72.828;69.897;73.313
2006;5;20;68.142;66.144;66.653
2006;5;21;69.736;68.026;73.442
2006;5;22;69.619;67.956;73.284
2006;5;23;69.848;68.209;73.272
2006;5;24;73.42;74.127;73.442
2006;5;25;72.847;71.046;73.102
2006;5;26;72.835;71.045;73.173
2006;5;27;72.763;70.83;73.153
2006;5;28;72.767;70.922;73.136
2006;5;29;74.423;74.135;73.388
2006;5;30;77.347;75.81;73.143
2006;5;31;73.791;71.513;72.963
2006;6;1;76.216;71.372;72.883
2006;6;2;76.316;71.55;72.851
2006;6;3;72.433;61.469;64.912
2006;6;4;66.713;47.493;57.231
2006;6;5;63.178;41.369;55.325
2006;6;6;64.284;43.177;56.531
2006;6;7;63.077;41.26;55.413
2006;6;8;62.595;39.559;56.726
2006;6;9;61.789;39.005;56.166
2006;6;10;61.535;37.858;55.858
2006;6;11;61.351;37.54;55.836
2006;6;12;58.563;33.319;55.369
2006;6;13;55.883;31.719;55.01
2006;6;14;51.958;26.768;53.925
2006;6;15;52.886;26.764;54.237
2006;6;16;51.038;25.58;54.094
2006;6;17;50.725;25.495;54.32
2006;6;18;50.925;24.75;53.545
2006;6;19;49.288;20.409;55.463
2006;6;20;48.677;17.949;55.957
2006;6;21;44.488;12.688;57.131
2006;6;22;44.224;11.956;57.035
2006;6;23;43.209;10.088;56.683
2006;6;24;43.779;10.368;58.866
2006;6;25;43.961;9.691;57.465
2006;6;26;43.358;9.471;57.505
2006;6;27;43.111;8.706;56.241
2006;6;28;42.581;8.218;55.505
2006;6;29;42.753;8.528;55.505
2006;6;30;42.633;8.104;54.053
2006;7;1;41.903;7.497;52.493
2006;7;2;41.871;7.571;51.906
2006;7;3;41.685;7.555;52.232
2006;7;4;41.363;7.325;51.794
2006;7;5;41.233;6.739;51.73
2006;7;6;41.266;6.674;51.542
2006;7;7;40.772;6.176;51.543
2006;7;8;40.961;6.349;50.877
2006;7;9;40.797;6.451;50.591
2006;7;10;40.914;6.092;50.597
2006;7;11;40.78;6.01;48.943
2006;7;12;40.64;6.036;48.245
2006;7;13;40.517;5.685;47.159
2006;7;14;40.441;5.75;47.077
2006;7;15;40.183;5.501;45.946
2006;7;16;40.026;5.394;44.072
2006;7;17;39.978;4.887;43.801
2006;7;18;39.456;4.192;43.367
2006;7;19;38.788;3.614;42.693
2006;7;20;38.874;3.703;42.625
2006;7;21;38.806;3.728;42.328
2006;7;22;38.814;3.863;41.569
2006;7;23;37.984;3.697;41.137
2006;7;24;37.2;3.739;40.556
2006;7;25;37.295;3.65;40.56
2006;7;26;36.897;3.678;40.592
2006;7;27;37.365;3.628;40.369
2006;7;28;36.202;3.521;40.812
2006;7;29;35.956;3.446;39.08
2006;7;30;35.973;3.683;38.638
2006;7;31;35.854;3.5;37.677
2006;8;1;34.969;3.181;37.885
2006;8;2;36.194;3.282;36.377
2006;8;3;37.189;3.587;35.716
2006;8;4;36.276;3.247;35.87
2006;8;5;36.062;3.349;35.555
2006;8;6;36.313;3.553;35.707
2006;8;7;37.38;3.513;35.323
2006;8;8;36.349;3.055;35.104
2006;8;9;36.088;3.683;35.013
2006;8;10;36.734;4.128;34.175
2006;8;11;35.794;3.2;32.537
2006;8;12;38.138;3.931;32.792
2006;8;13;35.459;3.041;32.436
2006;8;14;37.353;3.585;31.993
2006;8;15;37.35;3.216;32.383
2006;8;16;37.636;3.19;31.963
2006;8;17;37.514;3.158;31.894
2006;8;18;37.324;2.998;31.904
2006;8;19;37.405;3.088;31.496
2006;8;20;37.174;2.838;31.726
2006;8;21;36.972;2.699;31.55
2006;8;22;36.659;2.682;31.462
2006;8;23;36.48;2.559;31.483
2006;8;24;36.57;2.665;30.882
2006;8;25;36.601;2.931;31.233
2006;8;26;36.025;3.006;30.458
2006;8;27;35.405;3.304;30.76
2006;8;28;34.256;5.869;29.636
2006;8;29;34.591;5.856;29.383
2006;8;30;34.728;3.082;34.022
2006;8;31;39.129;7.683;37.368
2006;9;1;36.886;6.295;38.069
2006;9;2;37.266;6.874;38.021
2006;9;3;36.892;6.331;37.937
2006;9;4;38.763;5.374;36.157
2006;9;5;36.656;4.775;34.192
2006;9;6;34.76;4.264;32.888
2006;9;7;37.521;4.251;33.869
2006;9;8;37.468;4.219;33.875
2006;9;9;37.33;4.652;33.102
2006;9;10;34.913;4.264;33.345
2006;9;11;33.86;4.179;32.853
2006;9;12;36.891;4.806;33.403
2006;9;13;35.756;4.527;32.962
2006;9;14;35.148;4.453;33.103
2006;9;15;33.179;4.404;33.831
2006;9;16;31.497;5.131;33.398
2006;9;17;32.649;5.903;34.72
2006;9;18;38.642;18.864;47.675
2006;9;19;43.959;18.854;57.348
2006;9;20;45.956;18.951;65.496
2006;9;21;47.185;19.421;67.871
2006;9;22;47.679;20.614;67.971
2006;9;23;48.255;21.599;68.107
2006;9;24;48.723;20.804;67.942
2006;9;25;47.618;20.149;68.812
2006;9;26;47.587;20.234;68.255
2006;9;27;47.368;20.099;69.086
2006;9;28;45.695;18.599;68.874
2006;9;29;43.613;16.407;67.919
2006;9;30;37.084;13.929;67.674
2006;10;1;35.27;12.822;66.663
2006;10;2;37.024;15.502;68.363
2006;10;3;36.536;15.256;66.122
2006;10;4;37.257;17.132;65.768
2006;10;5;37.647;17.892;66.398
2006;10;6;38.509;19.343;65.748
2006;10;7;43.749;28.132;65.92
2006;10;8;44.45;31.397;62.383
2006;10;9;48.543;38.812;54.172
2006;10;10;45.564;34.022;53.403
2006;10;11;46.583;35.793;53.134
2006;10;12;49.767;40.36;55.81
2006;10;13;48.068;37.358;55.666
2006;10;14;45.68;31.305;49.943
2006;10;15;46.568;33.758;53.386
2006;10;16;49.388;37.746;50.849
2006;10;17;52.945;43.705;52.282
2006;10;18;52.555;43.057;50.667
2006;10;19;61.381;58.438;63.331
2006;10;20;64.462;63.83;75.493
2006;10;21;66.002;66.624;78.495
2006;10;22;65.977;66.411;78.703
2006;10;23;65.455;65.624;79.33
2006;10;24;66.805;67.644;79.357
2006;10;25;63.799;64.416;78.154
2006;10;26;66.091;66.987;81.828
2006;10;27;67.274;68.451;84.27
2006;10;28;66.579;67.24;84.19
2006;10;29;67.401;68.664;81.274
2006;10;30;65.338;66.312;80.367
2006;10;31;66.074;67.382;79.918
2006;11;1;;;
2006;11;2;;;
2006;11;3;;;
2006;11;4;;;
2006;11;5;;;
2006;11;6;;;
2006;11;7;;;
2006;11;8;;;
2006;11;9;;;
2006;11;10;;;
2006;11;11;;;
2006;11;12;;;
2006;11;13;;;
2006;11;14;;;
2006;11;15;;;
2006;11;16;;;
2006;11;17;;;
2006;11;18;;;
2006;11;19;;;
2006;11;20;;;
2006;11;21;;;
2006;11;22;;;
2006;11;23;;;
2006;11;24;;;
2006;11;25;;;
2006;11;26;;;
2006;11;27;;;
2006;11;28;;;
2006;11;29;;;
2006;11;30;;;
2006;12;1;;;
2006;12;2;;;
2006;12;3;;;
2006;12;4;;;
2006;12;5;;;
2006;12;6;;;
2006;12;7;;;
2006;12;8;;;
2006;12;9;;;
2006;12;10;;;
2006;12;11;;;
2006;12;12;;;
2006;12;13;;;
2006;12;14;;;
2006;12;15;;;
2006;12;16;;;
2006;12;17;;;
2006;12;18;;;
2006;12;19;;;
2006;12;20;;;
2006;12;21;;;
2006;12;22;;;
2006;12;23;;;
2006;12;24;;;
2006;12;25;;;
2006;12;26;;;
2006;12;27;;;
2006;12;28;;;
2006;12;29;;;
2006;12;30;;;
2006;12;31;;;
2007;1;1;;;
2007;1;2;;;
2007;1;3;;;
2007;1;4;;;
2007;1;5;;;
2007;1;6;;;
2007;1;7;;;
2007;1;8;;;
2007;1;9;;;
2007;1;10;;;
2007;1;11;;;
2007;1;12;;;
2007;1;13;;;
2007;1;14;;;
2007;1;15;;;
2007;1;16;;;
2007;1;17;;;
2007;1;18;;;
2007;1;19;;;
2007;1;20;;;
2007;1;21;;;
2007;1;22;;;
2007;1;23;;;
2007;1;24;;;
2007;1;25;;;
2007;1;26;;;
2007;1;27;;;
2007;1;28;;;
2007;1;29;;;
2007;1;30;;;
2007;1;31;;;
2007;2;1;72.969;71.241;84.247
2007;2;2;72.077;70.348;84.733
2007;2;3;71.912;70.039;84.523
2007;2;4;70.967;69.231;85.073
2007;2;5;69.917;67.98;85.249
2007;2;6;69.304;67.542;85.391
2007;2;7;68.945;67.416;84.896
2007;2;8;69.276;67.736;84.051
2007;2;9;68.108;66.823;82.773
2007;2;10;67.681;66.362;81.981
2007;2;11;67.675;67.068;81.067
2007;2;12;70.715;71.731;79.77
2007;2;13;73.215;78.859;74.049
2007;2;14;71.844;80.701;67.414
2007;2;15;71.692;80.287;67.423
2007;2;16;71.343;80.224;62.18
2007;2;17;75.534;84.833;66.316
2007;2;18;73.863;83.418;60.545
2007;2;19;73.306;82.329;60.556
2007;2;20;73.6;82.719;60.769
2007;2;21;73.517;78.216;85.4
2007;2;22;70.04;72.902;83.725
2007;2;23;68.31;69.68;87.286
2007;2;24;68.155;69.435;87.249
2007;2;25;67.884;69.733;82.68
2007;2;26;68.097;69.582;85.686
2007;2;27;66.189;67.035;82.707
2007;2;28;66.552;66.935;86.391
2007;3;1;66.864;67.406;86.271
2007;3;2;66.531;67.694;84.182
2007;3;3;69.783;70.598;70.688
2007;3;4;74.662;73.378;48.155
2007;3;5;75.147;74.163;48.086
2007;3;6;75.712;75.094;46.881
2007;3;7;74.6;74.678;54.17
2007;3;8;77.564;77.785;53.559
2007;3;9;78.097;79.1;76.914
2007;3;10;75.981;77.487;77.367
2007;3;11;75.632;77.003;76.628
2007;3;12;75.905;77.441;76.55
2007;3;13;75.215;76.785;76.861
2007;3;14;74.97;76.712;79.98
2007;3;15;73.417;74.626;78.834
2007;3;16;73.792;75.112;79.708
2007;3;17;74.034;75.445;80.487
2007;3;18;74.331;76.525;77.713
2007;3;19;74.255;76.293;72.355
2007;3;20;72.746;76.148;71.507
2007;3;21;74.907;81.207;62.44
2007;3;22;74.975;81.015;64.023
2007;3;23;74.326;79.754;62.599
2007;3;24;75.117;79.923;62.936
2007;3;25;75.723;81.659;66.25
2007;3;26;76.206;81.72;62.013
2007;3;27;77.919;81.839;66.264
2007;3;28;77.857;81.57;65.652
2007;3;29;80.431;84.341;67.534
2007;3;30;82.233;85.412;61.525
2007;3;31;86.296;85.972;48.159
2007;4;1;83.147;85.513;67.904
2007;4;2;84.035;86.7;65.499
2007;4;3;83.61;86.815;65.432
2007;4;4;80.546;82.948;68.227
2007;4;5;79.118;81.744;75.453
2007;4;6;78.731;81.623;75.392
2007;4;7;79.714;83.798;72.46
2007;4;8;79.466;83.453;72.428
2007;4;9;75.759;78.076;74.45
2007;4;10;76.372;77.965;76.51
2007;4;11;76.474;78.621;75.613
2007;4;12;76.379;77.246;76.039
2007;4;13;74.321;73.75;76.536
2007;4;14;72.597;71.5;78.337
2007;4;15;75.898;75.769;77.843
2007;4;16;72.861;70.65;77.4
2007;4;17;73.162;70.583;78.269
2007;4;18;72.315;69.568;78.661
2007;4;19;72.134;69.414;78.803
2007;4;20;72.622;69.742;76.504
2007;4;21;72.832;69.613;76.866
2007;4;22;72.849;69.612;76.825
2007;4;23;76.852;73.131;70.411
2007;4;24;80.208;73.241;67.442
2007;4;25;78.927;67.639;63.57
2007;4;26;78.699;67.041;63.082
2007;4;27;78.018;65.812;62.33
2007;4;28;76.593;63.736;63.388
2007;4;29;76.011;62.409;62.955
2007;4;30;74.046;59.167;61.878
2007;5;1;73.24;57.541;61.942
2007;5;2;71.402;54.474;61.866
2007;5;3;70.516;52.994;62.001
2007;5;4;69.2;50.597;61.657
2007;5;5;67.439;48.024;61.294
2007;5;6;60.394;43.542;63.855
2007;5;7;58.819;45.038;67.25
2007;5;8;58.637;44.83;67.243
2007;5;9;60.5;46.593;59.793
2007;5;10;61.022;52.828;78.902
2007;5;11;62.771;53.781;76.627
2007;5;12;65.276;57.634;77.014
2007;5;13;64.737;56.635;76.826
2007;5;14;65.12;57.451;77.023
2007;5;15;65.749;59.671;77.041
2007;5;16;66.87;61.366;75.761
2007;5;17;60.766;51.473;75.865
2007;5;18;59.777;49.768;74.434
2007;5;19;59.678;49.621;74.473
2007;5;20;60.316;50.6;74.92
2007;5;21;59.713;49.84;73.644
2007;5;22;59.099;49.054;73.959
2007;5;23;59.474;49.185;74.197
2007;5;24;59.547;48.869;73.799
2007;5;25;59.929;49.511;73.782
2007;5;26;58.931;47.034;73.583
2007;5;27;59.061;46.372;73.506
2007;5;28;60.821;46.6;72.305
2007;5;29;64.453;47.906;70.224
2007;5;30;59.06;42.633;70.311
2007;5;31;58.884;42.251;70.362
2007;6;1;57.657;39.048;70.44
2007;6;2;58.32;39.327;69.569
2007;6;3;57.132;35.38;68.454
2007;6;4;46.277;14.868;52.893
2007;6;5;46.217;14.518;52.353
2007;6;6;44.767;13.787;52.142
2007;6;7;42.937;9.937;52.314
2007;6;8;42.785;9.824;52.328
2007;6;9;43.374;9.648;51.99
2007;6;10;42.874;9.519;51.662
2007;6;11;43.109;9.577;51.55
2007;6;12;42.077;8.667;51.712
2007;6;13;42.41;9.171;51.373
2007;6;14;42.135;8.283;50.022
2007;6;15;41.3;6.901;48.226
2007;6;16;41.007;6.564;48.586
2007;6;17;40.246;6.184;47.962
2007;6;18;40.431;6.773;47.601
2007;6;19;40.385;6.028;47.372
2007;6;20;40.479;5.612;47.599
2007;6;21;39.707;5.532;47.546
2007;6;22;39.39;5.169;47.62
2007;6;23;39.221;4.888;47.324
2007;6;24;39.401;5.215;47.438
2007;6;25;41.379;6.405;50.16
2007;6;26;40.265;5.599;54.732
2007;6;27;39.83;5.475;55.039
2007;6;28;38.581;5.114;55.668
2007;6;29;36.962;4.175;56.08
2007;6;30;41.772;6.223;57.331
2007;7;1;40.907;5.585;55.406
2007;7;2;36.948;4.095;55.785
2007;7;3;40.215;5.327;55.01
2007;7;4;39.634;4.787;52.319
2007;7;5;39.742;4.481;43.697
2007;7;6;38.895;3.811;40.853
2007;7;7;38.535;3.856;40.269
2007;7;8;38.613;3.832;40.27
2007;7;9;38.711;3.887;40.385
2007;7;10;38.547;3.639;40.251
2007;7;11;38.911;3.676;40.103
2007;7;12;38.461;3.617;39.856
2007;7;13;38.303;3.424;39.931
2007;7;14;38.173;3.304;39.594
2007;7;15;37.933;3.206;39.107
2007;7;16;37.937;3.231;38.992
2007;7;17;37.369;3.132;38.77
2007;7;18;37.423;3.44;38.44
2007;7;19;36.793;3.06;37.957
2007;7;20;36.756;3.003;37.913
2007;7;21;36.948;3.054;38.19
2007;7;22;36.313;2.865;38.054
2007;7;23;36.125;3.472;37.78
2007;7;24;36.521;3.763;38.237
2007;7;25;36.227;2.586;36.346
2007;7;26;35.849;2.733;36.676
2007;7;27;35.827;2.772;36.72
2007;7;28;36.331;3.084;36.657
2007;7;29;37.925;3.823;37.866
2007;7;30;37.282;3.279;36.038
2007;7;31;35.738;2.604;36.902
2007;8;1;36.0;2.619;37.01
2007;8;2;37.887;3.703;38.81
2007;8;3;37.805;3.707;40.832
2007;8;4;38.211;3.732;41.838
2007;8;5;35.967;3.031;43.304
2007;8;6;35.934;2.942;43.446
2007;8;7;38.63;3.835;45.237
2007;8;8;38.2;3.995;42.394
2007;8;9;35.607;2.414;43.334
2007;8;10;35.476;2.398;43.291
2007;8;11;35.644;2.496;43.227
2007;8;12;38.086;4.56;45.183
2007;8;13;38.43;4.436;51.328
2007;8;14;37.211;5.523;54.079
2007;8;15;39.72;5.601;51.908
2007;8;16;39.666;5.345;50.714
2007;8;17;39.393;5.115;49.482
2007;8;18;38.543;4.044;46.859
2007;8;19;38.277;4.003;41.079
2007;8;20;38.507;3.983;42.454
2007;8;21;38.29;4.104;40.234
2007;8;22;38.371;4.215;37.969
2007;8;23;38.401;4.156;36.971
2007;8;24;38.355;4.122;36.151
2007;8;25;38.386;4.278;36.348
2007;8;26;37.494;3.856;35.576
2007;8;27;37.845;4.262;36.503
2007;8;28;38.114;4.392;36.511
2007;8;29;37.539;5.086;36.198
2007;8;30;36.405;4.577;36.145
2007;8;31;36.798;4.335;36.214
2007;9;1;36.242;4.362;35.382
2007;9;2;34.744;3.802;30.899
2007;9;3;31.821;4.013;28.468
2007;9;4;32.952;3.739;28.416
2007;9;5;32.905;4.47;28.206
2007;9;6;30.831;4.006;28.681
2007;9;7;32.733;3.731;28.671
2007;9;8;32.567;4.119;28.377
2007;9;9;32.998;4.584;31.673
2007;9;10;31.947;5.415;33.04
2007;9;11;32.251;6.846;35.294
2007;9;12;47.576;30.393;55.995
2007;9;13;63.404;58.447;63.985
2007;9;14;63.244;56.414;64.893
2007;9;15;65.441;59.861;68.41
2007;9;16;66.413;61.746;68.047
2007;9;17;68.461;65.494;73.724
2007;9;18;66.99;62.729;70.955
2007;9;19;67.995;62.778;71.084
2007;9;20;69.902;68.369;76.933
2007;9;21;70.13;68.363;78.084
2007;9;22;70.144;68.459;78.873
2007;9;23;70.591;68.318;76.139
2007;9;24;69.451;68.639;72.225
2007;9;25;69.575;67.302;70.72
2007;9;26;57.728;46.053;58.629
2007;9;27;46.173;23.109;55.951
2007;9;28;46.858;17.406;55.001
2007;9;29;45.116;17.411;55.27
2007;9;30;46.732;17.952;54.873
2007;10;1;44.757;15.171;52.557
2007;10;2;44.653;14.916;50.918
2007;10;3;44.386;14.046;51.875
2007;10;4;44.066;14.328;51.135
2007;10;5;44.587;14.337;50.847
2007;10;6;43.058;14.078;49.833
2007;10;7;43.54;15.356;48.739
2007;10;8;43.123;14.41;50.069
2007;10;9;42.974;18.493;47.609
2007;10;10;41.853;18.413;49.629
2007;10;11;42.613;18.476;51.937
2007;10;12;45.215;22.252;53.414
2007;10;13;48.592;27.447;60.129
2007;10;14;54.11;46.433;60.49
2007;10;15;51.362;42.35;62.689
2007;10;16;53.231;44.928;60.428
2007;10;17;53.519;44.773;61.997
2007;10;18;42.803;21.748;55.81
2007;10;19;39.303;19.046;53.807
2007;10;20;40.841;19.55;55.009
2007;10;21;38.917;17.443;51.771
2007;10;22;38.737;17.21;51.59
2007;10;23;39.123;14.977;49.299
2007;10;24;40.164;19.736;59.17
2007;10;25;43.144;20.725;61.424
2007;10;26;44.663;24.494;62.924
2007;10;27;46.029;27.737;66.394
2007;10;28;49.903;35.124;66.963
2007;10;29;55.612;44.703;70.438
2007;10;30;57.835;51.319;74.911
2007;10;31;60.803;55.05;74.506
2007;11;1;;;
2007;11;2;;;
2007;11;3;;;
2007;11;4;;;
2007;11;5;;;
2007;11;6;;;
2007;11;7;;;
2007;11;8;;;
2007;11;9;;;
2007;11;10;;;
2007;11;11;;;
2007;11;12;;;
2007;11;13;;;
2007;11;14;;;
2007;11;15;;;
2007;11;16;;;
2007;11;17;;;
2007;11;18;;;
2007;11;19;;;
2007;11;20;;;
2007;11;21;;;
2007;11;22;;;
2007;11;23;;;
2007;11;24;;;
2007;11;25;;;
2007;11;26;;;
2007;11;27;;;
2007;11;28;;;
2007;11;29;;;
2007;11;30;;;
2007;12;1;;;
2007;12;2;;;
2007;12;3;;;
2007;12;4;;;
2007;12;5;;;
2007;12;6;;;
2007;12;7;;;
2007;12;8;;;
2007;12;9;;;
2007;12;10;;;
2007;12;11;;;
2007;12;12;;;
2007;12;13;;;
2007;12;14;;;
2007;12;15;;;
2007;12;16;;;
2007;12;17;;;
2007;12;18;;;
2007;12;19;;;
2007;12;20;;;
2007;12;21;;;
2007;12;22;;;
2007;12;23;;;
2007;12;24;;;
2007;12;25;;;
2007;12;26;;;
2007;12;27;;;
2007;12;28;;;
2007;12;29;;;
2007;12;30;;;
2007;12;31;;;
2008;1;1;;;
2008;1;2;;;
2008;1;3;;;
2008;1;4;;;
2008;1;5;;;
2008;1;6;;;
2008;1;7;;;
2008;1;8;;;
2008;1;9;;;
2008;1;10;;;
2008;1;11;;;
2008;1;12;;;
2008;1;13;;;
2008;1;14;;;
2008;1;15;;;
2008;1;16;;;
2008;1;17;;;
2008;1;18;;;
2008;1;19;;;
2008;1;20;;;
2008;1;21;;;
2008;1;22;;;
2008;1;23;;;
2008;1;24;;;
2008;1;25;;;
2008;1;26;;;
2008;1;27;;;
2008;1;28;;;
2008;1;29;;;
2008;1;30;;;
2008;1;31;;;
2008;2;1;73.039;72.95;85.389
2008;2;2;73.148;73.263;87.142
2008;2;3;69.698;69.112;87.027
2008;2;4;65.843;65.929;86.753
2008;2;5;66.547;66.795;84.709
2008;2;6;67.199;67.256;84.915
2008;2;7;68.882;69.143;82.725
2008;2;8;69.141;69.722;83.186
2008;2;9;68.571;69.243;82.73
2008;2;10;69.368;70.009;82.277
2008;2;11;69.102;69.817;83.198
2008;2;12;75.81;79.073;79.964
2008;2;13;72.261;74.227;80.357
2008;2;14;72.601;74.148;79.82
2008;2;15;80.899;84.255;80.768
2008;2;16;82.986;85.334;79.439
2008;2;17;76.02;77.676;82.987
2008;2;18;72.257;72.928;82.453
2008;2;19;71.874;72.818;81.255
2008;2;20;72.184;72.816;81.1
2008;2;21;71.128;71.816;80.837
2008;2;22;71.446;72.395;81.654
2008;2;23;68.744;70.361;83.885
2008;2;24;68.423;70.089;84.743
2008;2;25;68.475;70.0;83.887
2008;2;26;68.421;69.926;83.771
2008;2;27;67.631;68.71;84.684
2008;2;28;63.504;64.16;80.813
2008;2;29;63.295;63.559;83.598
2008;3;1;62.826;63.544;75.228
2008;3;2;65.187;66.3;79.96
2008;3;3;64.678;65.661;79.209
2008;3;4;64.097;65.454;77.012
2008;3;5;65.624;67.289;76.323
2008;3;6;65.754;67.486;76.431
2008;3;7;66.544;68.37;77.497
2008;3;8;65.953;67.552;70.653
2008;3;9;66.625;68.79;70.691
2008;3;10;67.034;68.105;70.608
2008;3;11;70.185;71.057;76.071
2008;3;12;71.498;72.149;80.059
2008;3;13;73.601;73.917;81.397
2008;3;14;73.754;73.924;83.695
2008;3;15;73.498;73.772;79.69
2008;3;16;73.767;73.663;86.998
2008;3;17;74.404;74.119;84.25
2008;3;18;74.773;74.859;86.484
2008;3;19;74.144;73.816;86.528
2008;3;20;74.139;73.801;86.56
2008;3;21;74.858;74.262;87.562
2008;3;22;75.419;74.963;82.641
2008;3;23;78.077;77.65;84.784
2008;3;24;65.081;68.148;61.543
2008;3;25;64.939;67.92;61.393
2008;3;26;64.121;68.087;54.507
2008;3;27;63.395;66.97;55.75
2008;3;28;63.902;66.943;58.972
2008;3;29;64.091;67.027;59.047
2008;3;30;63.896;66.832;59.677
2008;3;31;66.324;69.806;63.418
2008;4;1;66.994;70.216;66.218
2008;4;2;67.01;70.643;62.085
2008;4;3;67.069;70.217;61.739
2008;4;4;68.505;70.247;70.729
2008;4;5;68.766;70.622;70.738
2008;4;6;70.235;71.403;75.755
2008;4;7;69.774;70.742;76.368
2008;4;8;70.136;71.026;77.773
2008;4;9;70.048;70.913;77.625
2008;4;10;70.137;70.987;77.839
2008;4;11;72.966;74.148;76.976
2008;4;12;75.685;76.437;79.703
2008;4;13;80.2;81.475;77.466
2008;4;14;82.455;84.27;79.24
2008;4;15;84.612;87.16;77.784
2008;4;16;84.635;87.363;77.864
2008;4;17;84.23;87.344;79.309
2008;4;18;84.513;87.31;77.944
2008;4;19;85.425;88.439;79.377
2008;4;20;85.608;88.518;77.389
2008;4;21;85.34;88.248;77.9
2008;4;22;85.515;88.427;78.248
2008;4;23;85.98;88.873;77.193
2008;4;24;86.461;89.3;78.013
2008;4;25;87.08;89.059;72.86
2008;4;26;87.131;88.656;73.266
2008;4;27;86.559;86.57;69.291
2008;4;28;89.245;90.034;70.908
2008;4;29;89.262;90.067;70.752
2008;4;30;92.14;92.82;69.047
2008;5;1;92.311;93.241;68.65
2008;5;2;92.149;92.919;68.939
2008;5;3;93.167;93.082;66.756
2008;5;4;93.797;93.372;66.988
2008;5;5;93.517;93.424;68.291
2008;5;6;93.385;93.24;68.258
2008;5;7;93.094;92.886;68.111
2008;5;8;93.242;92.691;66.494
2008;5;9;93.223;92.855;67.409
2008;5;10;92.883;92.827;68.044
2008;5;11;92.435;92.698;67.077
2008;5;12;92.423;92.446;66.968
2008;5;13;92.149;92.278;65.712
2008;5;14;90.442;91.767;66.862
2008;5;15;87.641;90.171;68.077
2008;5;16;85.1;88.467;69.299
2008;5;17;84.655;87.764;68.619
2008;5;18;82.529;84.971;69.145
2008;5;19;82.206;84.582;69.118
2008;5;20;82.295;84.49;67.379
2008;5;21;84.663;84.27;64.9
2008;5;22;87.506;84.086;60.562
2008;5;23;87.513;82.821;60.32
2008;5;24;87.475;82.752;60.245
2008;5;25;87.466;82.677;60.029
2008;5;26;87.23;81.976;60.1
2008;5;27;86.443;80.914;59.364
2008;5;28;86.233;80.369;59.799
2008;5;29;85.99;80.03;59.503
2008;5;30;86.064;80.099;59.426
2008;5;31;83.831;76.333;59.466
2008;6;1;81.042;71.932;58.848
2008;6;2;77.387;68.019;58.703
2008;6;3;74.625;68.388;59.884
2008;6;4;73.156;67.707;59.3
2008;6;5;72.018;66.02;59.153
2008;6;6;74.636;68.444;59.886
2008;6;7;54.664;32.967;56.997
2008;6;8;54.77;33.256;58.432
2008;6;9;50.716;23.013;56.995
2008;6;10;51.996;23.275;57.188
2008;6;11;48.25;17.618;56.237
2008;6;12;50.83;20.942;57.373
2008;6;13;49.319;19.469;56.335
2008;6;14;50.508;20.373;56.548
2008;6;15;49.485;19.657;56.421
2008;6;16;49.317;19.478;56.278
2008;6;17;49.862;20.418;56.398
2008;6;18;51.389;21.965;56.545
2008;6;19;50.672;21.225;56.582
2008;6;20;54.825;33.718;68.612
2008;6;21;51.972;28.937;68.093
2008;6;22;50.528;29.204;69.347
2008;6;23;50.873;29.838;69.404
2008;6;24;51.546;29.547;69.142
2008;6;25;50.535;29.201;69.055
2008;6;26;50.4;28.886;69.05
2008;6;27;49.552;29.196;69.378
2008;6;28;50.532;29.135;69.001
2008;6;29;51.078;30.033;69.015
2008;6;30;47.468;26.987;67.37
2008;7;1;41.284;7.759;53.735
2008;7;2;41.272;7.547;53.785
2008;7;3;40.013;5.138;53.124
2008;7;4;41.376;5.521;53.492
2008;7;5;41.28;5.951;53.969
2008;7;6;41.565;5.876;53.881
2008;7;7;41.294;5.967;53.961
2008;7;8;41.815;6.003;53.74
2008;7;9;41.641;5.75;53.015
2008;7;10;41.411;5.542;53.449
2008;7;11;41.771;5.976;52.648
2008;7;12;41.589;5.969;51.998
2008;7;13;41.465;5.897;51.71
2008;7;14;41.212;6.021;51.021
2008;7;15;40.883;6.044;50.738
2008;7;16;40.997;6.809;49.993
2008;7;17;41.139;6.887;49.85
2008;7;18;41.382;6.841;49.675
2008;7;19;41.145;6.938;49.118
2008;7;20;40.593;7.372;47.855
2008;7;21;40.171;6.49;46.609
2008;7;22;38.864;5.752;44.886
2008;7;23;38.92;5.596;45.469
2008;7;24;38.369;5.472;45.223
2008;7;25;38.154;4.722;44.012
2008;7;26;38.431;4.656;43.822
2008;7;27;37.423;4.289;42.729
2008;7;28;37.43;4.34;43.844
2008;7;29;36.283;4.362;42.648
2008;7;30;37.063;3.619;43.146
2008;7;31;36.609;3.795;43.101
2008;8;1;32.003;2.836;38.657
2008;8;2;32.31;2.86;41.669
2008;8;3;32.669;3.705;40.523
2008;8;4;32.192;3.113;40.51
2008;8;5;33.102;7.268;40.335
2008;8;6;33.633;6.664;41.951
2008;8;7;37.336;6.368;44.266
2008;8;8;36.376;5.405;44.724
2008;8;9;35.094;4.031;43.946
2008;8;10;37.53;5.158;43.224
2008;8;11;37.412;5.031;43.236
2008;8;12;37.689;5.259;43.728
2008;8;13;37.512;4.931;43.188
2008;8;14;37.964;5.236;43.35
2008;8;15;37.855;5.393;42.256
2008;8;16;38.146;4.952;41.763
2008;8;17;38.516;4.695;40.444
2008;8;18;38.656;5.282;39.277
2008;8;19;38.542;4.852;37.878
2008;8;20;38.508;4.683;36.167
2008;8;21;38.853;4.922;37.284
2008;8;22;38.228;4.8;35.843
2008;8;23;38.218;4.784;36.682
2008;8;24;37.975;5.061;35.811
2008;8;25;38.135;5.531;36.652
2008;8;26;37.789;5.372;36.736
2008;8;27;37.243;5.694;36.519
2008;8;28;35.98;6.712;37.5
2008;8;29;35.25;6.559;37.303
2008;8;30;37.588;7.379;39.066
2008;8;31;37.604;6.801;38.865
2008;9;1;38.511;6.08;38.808
2008;9;2;38.76;6.767;38.424
2008;9;3;38.697;6.669;38.591
2008;9;4;38.935;6.003;39.078
2008;9;5;38.866;6.128;39.014
2008;9;6;39.251;5.052;38.933
2008;9;7;38.829;6.02;38.675
2008;9;8;39.108;6.019;38.62
2008;9;9;38.637;6.553;38.347
2008;9;10;38.546;7.871;35.105
2008;9;11;38.475;8.856;34.103
2008;9;12;30.748;10.767;31.769
2008;9;13;31.168;9.104;31.886
2008;9;14;31.048;10.032;31.726
2008;9;15;34.376;8.594;32.612
2008;9;16;34.205;9.344;35.67
2008;9;17;33.29;9.206;35.7
2008;9;18;34.637;9.43;35.578
2008;9;19;34.742;9.576;35.572
2008;9;20;38.422;9.138;34.161
2008;9;21;36.115;10.461;38.635
2008;9;22;37.502;9.133;35.714
2008;9;23;38.189;8.145;38.736
2008;9;24;38.443;8.39;41.172
2008;9;25;39.379;9.08;39.175
2008;9;26;38.613;9.841;43.195
2008;9;27;40.284;10.661;37.458
2008;9;28;47.377;24.156;43.705
2008;9;29;50.426;29.168;42.804
2008;9;30;62.028;50.986;48.998
2008;10;1;67.062;62.456;61.786
2008;10;2;68.718;64.676;71.603
2008;10;3;70.697;67.06;81.574
2008;10;4;70.418;66.621;79.869
2008;10;5;69.317;65.76;79.993
2008;10;6;67.591;61.877;77.688
2008;10;7;67.646;61.905;78.515
2008;10;8;65.98;57.577;78.403
2008;10;9;63.098;54.055;74.762
2008;10;10;62.591;53.862;74.487
2008;10;11;60.812;47.025;70.748
2008;10;12;63.708;53.278;74.315
2008;10;13;64.068;54.226;74.02
2008;10;14;62.321;54.575;69.932
2008;10;15;62.804;54.929;73.625
2008;10;16;67.206;61.979;74.324
2008;10;17;74.954;77.764;78.763
2008;10;18;71.291;72.71;73.522
2008;10;19;71.819;72.843;75.117
2008;10;20;71.772;72.447;74.601
2008;10;21;69.646;72.046;71.454
2008;10;22;69.872;72.2;70.72
2008;10;23;67.967;70.255;68.516
2008;10;24;67.624;70.599;66.299
2008;10;25;67.57;70.532;66.857
2008;10;26;67.007;71.004;61.965
2008;10;27;71.535;70.846;74.929
2008;10;28;71.384;70.232;76.394
2008;10;29;74.347;69.377;65.567
2008;10;30;74.29;69.968;65.553
2008;10;31;73.088;69.587;75.359
2008;11;1;;;
2008;11;2;;;
2008;11;3;;;
2008;11;4;;;
2008;11;5;;;
2008;11;6;;;
2008;11;7;;;
2008;11;8;;;
2008;11;9;;;
2008;11;10;;;
2008;11;11;;;
2008;11;12;;;
2008;11;13;;;
2008;11;14;;;
2008;11;15;;;
2008;11;16;;;
2008;11;17;;;
2008;11;18;;;
2008;11;19;;;
2008;11;20;;;
2008;11;21;;;
2008;11;22;;;
2008;11;23;;;
2008;11;24;;;
2008;11;25;;;
2008;11;26;;;
2008;11;27;;;
2008;11;28;;;
2008;11;29;;;
2008;11;30;;;
2008;12;1;;;
2008;12;2;;;
2008;12;3;;;
2008;12;4;;;
2008;12;5;;;
2008;12;6;;;
2008;12;7;;;
2008;12;8;;;
2008;12;9;;;
2008;12;10;;;
2008;12;11;;;
2008;12;12;;;
2008;12;13;;;
2008;12;14;;;
2008;12;15;;;
2008;12;16;;;
2008;12;17;;;
2008;12;18;;;
2008;12;19;;;
2008;12;20;;;
2008;12;21;;;
2008;12;22;;;
2008;12;23;;;
2008;12;24;;;
2008;12;25;;;
2008;12;26;;;
2008;12;27;;;
2008;12;28;;;
2008;12;29;;;
2008;12;30;;;
2008;12;31;;;
2009;1;1;;;
2009;1;2;;;
2009;1;3;;;
2009;1;4;;;
2009;1;5;;;
2009;1;6;;;
2009;1;7;;;
2009;1;8;;;
2009;1;9;;;
2009;1;10;;;
2009;1;11;;;
2009;1;12;;;
2009;1;13;;;
2009;1;14;;;
2009;1;15;;;
2009;1;16;;;
2009;1;17;;;
2009;1;18;;;
2009;1;19;;;
2009;1;20;;;
2009;1;21;;;
2009;1;22;;;
2009;1;23;;;
2009;1;24;;;
2009;1;25;;;
2009;1;26;;;
2009;1;27;;;
2009;1;28;;;
2009;1;29;;;
2009;1;30;;;
2009;1;31;;;
2009;2;1;72.082;70.278;86.63
2009;2;2;71.641;70.243;86.799
2009;2;3;71.159;69.473;87.601
2009;2;4;70.843;69.338;87.689
2009;2;5;71.823;70.068;87.707
2009;2;6;71.868;70.106;87.677
2009;2;7;70.762;69.681;84.589
2009;2;8;68.629;67.942;83.417
2009;2;9;65.549;65.885;79.303
2009;2;10;66.301;66.113;78.853
2009;2;11;66.676;66.783;78.648
2009;2;12;66.638;66.959;74.578
2009;2;13;70.111;75.891;61.09
2009;2;14;70.085;75.841;61.047
2009;2;15;75.758;79.592;61.545
2009;2;16;75.169;79.076;63.06
2009;2;17;80.606;87.438;64.508
2009;2;18;79.793;88.501;59.007
2009;2;19;83.252;89.042;70.615
2009;2;20;86.567;88.459;77.653
2009;2;21;80.97;85.603;72.144
2009;2;22;80.23;87.531;72.262
2009;2;23;77.998;84.547;74.803
2009;2;24;76.888;77.197;78.902
2009;2;25;76.316;76.253;78.951
2009;2;26;72.21;73.066;64.924
2009;2;27;72.243;74.161;66.253
2009;2;28;70.073;70.569;69.164
2009;3;1;70.739;71.048;66.835
2009;3;2;70.614;70.895;66.693
2009;3;3;71.681;71.924;61.71
2009;3;4;70.63;71.024;66.687
2009;3;5;71.255;71.185;72.554
2009;3;6;71.118;71.217;69.068
2009;3;7;71.113;71.077;68.06
2009;3;8;71.19;71.095;68.32
2009;3;9;69.756;68.91;79.942
2009;3;10;69.928;69.281;86.661
2009;3;11;69.752;69.273;86.049
2009;3;12;69.562;69.267;87.649
2009;3;13;69.552;69.181;87.851
2009;3;14;69.462;69.1;87.75
2009;3;15;69.272;69.427;86.745
2009;3;16;83.516;87.973;83.861
2009;3;17;85.183;89.52;83.948
2009;3;18;74.417;78.0;84.594
2009;3;19;72.897;75.577;84.661
2009;3;20;72.991;75.592;84.651
2009;3;21;85.02;88.996;82.435
2009;3;22;79.156;81.763;85.24
2009;3;23;72.099;73.965;85.407
2009;3;24;73.418;75.757;82.825
2009;3;25;73.343;75.617;83.017
2009;3;26;73.196;75.432;82.69
2009;3;27;68.194;68.224;84.902
2009;3;28;68.191;68.249;84.826
2009;3;29;67.047;67.649;76.432
2009;3;30;81.191;86.03;74.107
2009;3;31;81.611;86.774;74.168
2009;4;1;81.59;86.741;74.066
2009;4;2;81.997;87.395;74.048
2009;4;3;81.947;87.255;73.882
2009;4;4;84.51;89.645;69.549
2009;4;5;85.654;91.294;69.487
2009;4;6;85.694;91.336;70.259
2009;4;7;85.802;91.461;70.396
2009;4;8;85.718;91.48;70.718
2009;4;9;85.86;91.547;70.485
2009;4;10;74.628;75.358;86.375
2009;4;11;84.025;84.231;79.196
2009;4;12;83.081;85.919;79.982
2009;4;13;82.61;85.742;79.714
2009;4;14;82.647;85.766;79.729
2009;4;15;83.115;85.684;81.861
2009;4;16;83.124;85.029;79.299
2009;4;17;82.984;85.994;79.745
2009;4;18;82.885;85.894;79.504
2009;4;19;82.774;85.729;79.484
2009;4;20;83.01;85.778;80.052
2009;4;21;82.979;86.292;77.876
2009;4;22;82.532;86.08;79.239
2009;4;23;81.734;85.895;76.026
2009;4;24;81.455;85.244;75.305
2009;4;25;80.87;84.39;74.639
2009;4;26;78.483;81.443;71.508
2009;4;27;77.797;79.197;71.39
2009;4;28;83.167;87.916;75.882
2009;4;29;83.115;87.748;75.642
2009;4;30;83.209;87.961;75.838
2009;5;1;81.186;84.508;75.216
2009;5;2;83.318;87.787;73.799
2009;5;3;83.098;88.369;76.666
2009;5;4;83.135;87.795;75.155
2009;5;5;83.022;87.619;75.314
2009;5;6;83.191;87.655;75.552
2009;5;7;83.579;88.373;76.964
2009;5;8;85.387;90.045;76.138
2009;5;9;88.292;90.689;66.023
2009;5;10;92.733;92.656;68.552
2009;5;11;92.364;92.431;68.19
2009;5;12;91.742;91.576;68.147
2009;5;13;92.549;92.806;67.814
2009;5;14;92.28;92.317;68.288
2009;5;15;91.251;91.209;68.958
2009;5;16;91.132;91.363;68.922
2009;5;17;91.805;91.993;69.109
2009;5;18;91.522;91.918;68.73
2009;5;19;88.943;89.325;69.215
2009;5;20;87.763;89.355;70.811
2009;5;21;87.332;89.225;70.796
2009;5;22;86.024;88.205;71.762
2009;5;23;83.412;85.092;72.092
2009;5;24;84.444;86.935;71.616
2009;5;25;84.955;87.031;71.954
2009;5;26;84.912;86.984;70.366
2009;5;27;85.161;86.428;69.552
2009;5;28;83.988;84.602;68.353
2009;5;29;85.777;85.125;66.671
2009;5;30;86.303;83.636;65.429
2009;5;31;85.512;81.778;64.454
2009;6;1;85.136;80.975;64.126
2009;6;2;84.341;78.957;62.162
2009;6;3;84.03;78.165;61.931
2009;6;4;82.111;74.655;61.675
2009;6;5;81.097;73.736;62.345
2009;6;6;77.385;67.075;61.53
2009;6;7;74.928;62.798;60.725
2009;6;8;74.595;61.915;60.756
2009;6;9;71.906;58.689;60.602
2009;6;10;63.437;45.939;60.578
2009;6;11;61.761;42.321;60.068
2009;6;12;61.99;42.646;60.005
2009;6;13;59.469;40.015;57.514
2009;6;14;59.955;40.741;57.356
2009;6;15;61.665;41.848;56.476
2009;6;16;62.846;43.834;55.645
2009;6;17;62.205;42.656;55.425
2009;6;18;61.92;42.413;55.824
2009;6;19;57.995;34.554;54.338
2009;6;20;57.878;34.35;54.285
2009;6;21;51.194;21.998;52.297
2009;6;22;43.267;9.626;50.784
2009;6;23;42.988;9.275;50.877
2009;6;24;45.286;11.299;50.47
2009;6;25;44.605;10.592;50.467
2009;6;26;44.456;10.513;50.478
2009;6;27;44.467;10.03;50.89
2009;6;28;44.569;10.632;50.452
2009;6;29;44.695;10.991;50.094
2009;6;30;41.521;9.441;49.847
2009;7;1;41.817;9.914;49.594
2009;7;2;41.845;7.247;47.846
2009;7;3;40.136;5.408;46.517
2009;7;4;40.533;5.582;46.335
2009;7;5;40.115;4.898;45.679
2009;7;6;40.298;5.062;45.829
2009;7;7;40.488;5.16;45.703
2009;7;8;40.169;4.746;45.681
2009;7;9;40.349;5.023;45.689
2009;7;10;40.197;4.913;45.64
2009;7;11;40.373;5.103;45.639
2009;7;12;40.47;5.251;45.689
2009;7;13;39.473;4.56;45.477
2009;7;14;40.019;5.094;45.679
2009;7;15;37.87;3.881;44.74
2009;7;16;39.999;5.54;46.353
2009;7;17;35.787;6.893;45.062
2009;7;18;46.049;33.411;55.317
2009;7;19;47.533;28.116;58.432
2009;7;20;39.609;15.015;57.585
2009;7;21;39.652;14.962;57.592
2009;7;22;39.749;15.312;57.604
2009;7;23;41.836;18.71;57.933
2009;7;24;39.923;15.058;58.07
2009;7;25;39.549;12.413;55.281
2009;7;26;39.559;14.955;57.593
2009;7;27;39.94;15.28;57.118
2009;7;28;40.842;16.605;57.216
2009;7;29;37.918;9.593;53.9
2009;7;30;38.384;9.973;47.244
2009;7;31;40.643;14.935;44.224
2009;8;1;40.618;15.344;44.594
2009;8;2;38.13;12.734;41.68
2009;8;3;38.247;13.12;42.008
2009;8;4;34.847;5.943;40.082
2009;8;5;34.711;6.055;40.536
2009;8;6;35.405;6.231;40.208
2009;8;7;35.014;6.199;39.413
2009;8;8;37.144;5.949;40.182
2009;8;9;37.905;5.66;41.364
2009;8;10;37.817;5.586;42.055
2009;8;11;38.066;5.518;42.511
2009;8;12;38.518;5.324;42.809
2009;8;13;39.091;5.511;42.718
2009;8;14;38.436;5.373;43.453
2009;8;15;38.431;4.837;42.988
2009;8;16;38.571;4.893;43.239
2009;8;17;38.798;5.327;43.469
2009;8;18;38.893;5.536;43.513
2009;8;19;37.833;5.707;43.56
2009;8;20;37.329;5.971;42.638
2009;8;21;35.042;5.729;43.085
2009;8;22;36.769;7.306;44.608
2009;8;23;35.675;7.415;45.319
2009;8;24;35.8;7.802;45.216
2009;8;25;35.48;7.581;45.141
2009;8;26;36.917;9.09;45.948
2009;8;27;36.964;9.202;45.976
2009;8;28;32.042;9.948;64.429
2009;8;29;34.517;11.648;66.758
2009;8;30;42.032;15.384;67.326
2009;8;31;39.758;12.937;65.588
2009;9;1;40.365;12.38;64.601
2009;9;2;40.917;13.905;65.333
2009;9;3;41.37;14.155;64.665
2009;9;4;40.917;9.88;63.8
2009;9;5;40.896;9.287;62.494
2009;9;6;40.476;8.91;61.704
2009;9;7;40.961;7.913;59.108
2009;9;8;41.441;8.092;58.224
2009;9;9;41.58;7.669;55.37
2009;9;10;40.457;6.162;47.99
2009;9;11;40.479;6.172;40.963
2009;9;12;39.945;5.66;38.856
2009;9;13;39.902;5.809;38.048
2009;9;14;39.813;5.841;38.02
2009;9;15;38.758;5.423;36.829
2009;9;16;38.274;4.735;37.012
2009;9;17;37.377;4.989;36.38
2009;9;18;37.69;8.302;38.687
2009;9;19;38.036;8.438;38.853
2009;9;20;38.211;9.726;43.147
2009;9;21;42.91;18.718;54.97
2009;9;22;40.483;16.231;55.478
2009;9;23;39.893;17.707;64.814
2009;9;24;37.097;11.57;60.165
2009;9;25;36.889;11.892;60.392
2009;9;26;38.134;13.244;60.307
2009;9;27;37.953;12.928;60.436
2009;9;28;37.936;13.506;60.304
2009;9;29;36.482;9.195;59.809
2009;9;30;34.827;10.421;60.227
2009;10;1;35.49;11.716;60.327
2009;10;2;35.176;11.029;60.299
2009;10;3;42.629;22.337;62.574
2009;10;4;56.684;45.818;68.908
2009;10;5;65.841;62.825;80.113
2009;10;6;66.718;64.061;81.294
2009;10;7;69.373;68.656;80.661
2009;10;8;75.789;76.692;82.041
2009;10;9;77.564;77.029;79.296
2009;10;10;79.425;75.185;82.441
2009;10;11;79.64;75.326;82.573
2009;10;12;76.956;75.272;79.018
2009;10;13;79.132;78.301;77.021
2009;10;14;78.299;75.135;74.016
2009;10;15;75.354;72.414;74.255
2009;10;16;74.264;72.012;72.741
2009;10;17;73.232;71.779;70.588
2009;10;18;72.433;69.713;71.621
2009;10;19;66.873;65.923;69.022
2009;10;20;66.539;65.954;74.502
2009;10;21;61.819;59.978;69.149
2009;10;22;71.21;72.989;63.381
2009;10;23;72.169;73.405;65.225
2009;10;24;70.771;73.886;73.247
2009;10;25;69.565;72.058;74.465
2009;10;26;75.524;75.761;60.181
2009;10;27;78.569;80.086;57.838
2009;10;28;74.77;75.721;61.174
2009;10;29;73.095;72.609;60.465
2009;10;30;72.994;72.546;60.617
2009;10;31;73.338;70.166;55.325
2009;11;1;;;
2009;11;2;;;
2009;11;3;;;
2009;11;4;;;
2009;11;5;;;
2009;11;6;;;
2009;11;7;;;
2009;11;8;;;
2009;11;9;;;
2009;11;10;;;
2009;11;11;;;
2009;11;12;;;
2009;11;13;;;
2009;11;14;;;
2009;11;15;;;
2009;11;16;;;
2009;11;17;;;
2009;11;18;;;
2009;11;19;;;
2009;11;20;;;
2009;11;21;;;
2009;11;22;;;
2009;11;23;;;
2009;11;24;;;
2009;11;25;;;
2009;11;26;;;
2009;11;27;;;
2009;11;28;;;
2009;11;29;;;
2009;11;30;;;
2009;12;1;;;
2009;12;2;;;
2009;12;3;;;
2009;12;4;;;
2009;12;5;;;
2009;12;6;;;
2009;12;7;;;
2009;12;8;;;
2009;12;9;;;
2009;12;10;;;
2009;12;11;;;
2009;12;12;;;
2009;12;13;;;
2009;12;14;;;
2009;12;15;;;
2009;12;16;;;
2009;12;17;;;
2009;12;18;;;
2009;12;19;;;
2009;12;20;;;
2009;12;21;;;
2009;12;22;;;
2009;12;23;;;
2009;12;24;;;
2009;12;25;;;
2009;12;26;;;
2009;12;27;;;
2009;12;28;;;
2009;12;29;;;
2009;12;30;;;
2009;12;31;;;
2010;1;1;;;
2010;1;2;;;
2010;1;3;;;
2010;1;4;;;
2010;1;5;;;
2010;1;6;;;
2010;1;7;;;
2010;1;8;;;
2010;1;9;;;
2010;1;10;;;
2010;1;11;;;
2010;1;12;;;
2010;1;13;;;
2010;1;14;;;
2010;1;15;;;
2010;1;16;;;
2010;1;17;;;
2010;1;18;;;
2010;1;19;;;
2010;1;20;;;
2010;1;21;;;
2010;1;22;;;
2010;1;23;;;
2010;1;24;;;
2010;1;25;;;
2010;1;26;;;
2010;1;27;;;
2010;1;28;;;
2010;1;29;;;
2010;1;30;;;
2010;1;31;;;
2010;2;1;62.293;62.626;47.192
2010;2;2;63.391;64.091;54.895
2010;2;3;62.903;63.743;52.963
2010;2;4;71.662;70.615;83.371
2010;2;5;73.162;70.214;86.881
2010;2;6;75.665;75.146;88.065
2010;2;7;77.782;79.196;87.523
2010;2;8;78.859;80.367;87.92
2010;2;9;79.3;80.379;87.785
2010;2;10;78.671;80.12;88.067
2010;2;11;78.619;80.365;87.555
2010;2;12;78.393;80.09;87.374
2010;2;13;79.283;80.695;87.908
2010;2;14;78.781;80.338;88.073
2010;2;15;78.323;80.067;87.382
2010;2;16;78.261;80.027;87.134
2010;2;17;76.323;77.082;87.088
2010;2;18;75.784;75.22;87.283
2010;2;19;60.426;62.113;75.574
2010;2;20;59.094;61.599;74.02
2010;2;21;59.854;63.158;72.657
2010;2;22;59.881;62.962;72.474
2010;2;23;60.486;63.823;73.283
2010;2;24;68.1;67.698;88.94
2010;2;25;68.121;67.799;88.953
2010;2;26;67.936;68.153;86.88
2010;2;27;68.365;67.829;86.224
2010;2;28;68.687;68.179;86.465
2010;3;1;68.485;67.843;87.899
2010;3;2;68.289;67.485;86.421
2010;3;3;68.277;69.42;80.095
2010;3;4;68.845;69.659;77.388
2010;3;5;69.358;71.012;80.845
2010;3;6;72.316;73.306;84.314
2010;3;7;74.749;75.623;79.687
2010;3;8;71.589;72.058;78.84
2010;3;9;72.774;73.839;81.198
2010;3;10;77.111;76.357;84.525
2010;3;11;78.35;77.673;84.686
2010;3;12;76.887;76.286;84.451
2010;3;13;76.773;76.174;84.49
2010;3;14;77.721;76.87;84.678
2010;3;15;78.3;77.23;85.57
2010;3;16;77.574;76.752;84.842
2010;3;17;74.23;72.184;87.187
2010;3;18;74.106;72.106;87.148
2010;3;19;73.864;71.791;87.204
2010;3;20;75.078;71.469;88.261
2010;3;21;65.573;65.439;78.101
2010;3;22;65.678;65.347;78.263
2010;3;23;63.116;65.319;57.284
2010;3;24;63.021;65.308;54.374
2010;3;25;63.001;65.299;54.237
2010;3;26;63.423;67.115;49.112
2010;3;27;63.636;67.22;50.001
2010;3;28;65.819;69.049;58.019
2010;3;29;66.837;70.006;61.335
2010;3;30;70.905;72.064;78.115
2010;3;31;70.908;72.052;77.883
2010;4;1;70.792;72.012;77.845
2010;4;2;70.68;71.871;78.307
2010;4;3;73.715;73.678;77.417
2010;4;4;73.284;74.125;80.637
2010;4;5;74.169;74.109;79.105
2010;4;6;75.125;75.332;78.231
2010;4;7;75.124;75.351;78.484
2010;4;8;78.26;78.601;76.675
2010;4;9;90.036;91.091;73.204
2010;4;10;93.014;92.858;71.802
2010;4;11;92.786;92.575;72.687
2010;4;12;92.848;92.586;72.646
2010;4;13;92.864;92.545;72.129
2010;4;14;93.521;93.3;71.709
2010;4;15;93.24;92.941;71.87
2010;4;16;93.023;92.676;72.206
2010;4;17;93.024;92.55;71.923
2010;4;18;92.238;91.487;72.825
2010;4;19;84.006;82.81;74.704
2010;4;20;78.398;78.096;76.246
2010;4;21;77.245;77.517;77.139
2010;4;22;73.577;73.883;78.242
2010;4;23;75.738;75.979;79.033
2010;4;24;74.501;74.601;78.446
2010;4;25;73.802;73.899;78.807
2010;4;26;73.772;74.222;78.913
2010;4;27;74.256;74.406;78.725
2010;4;28;75.199;75.168;79.286
2010;4;29;73.184;73.891;77.891
2010;4;30;72.583;73.416;78.371
2010;5;1;73.266;74.269;78.12
2010;5;2;74.346;74.296;78.506
2010;5;3;82.227;76.902;66.839
2010;5;4;83.238;79.437;66.959
2010;5;5;84.339;83.51;67.381
2010;5;6;85.219;86.513;70.029
2010;5;7;85.774;87.061;69.776
2010;5;8;87.894;87.346;67.339
2010;5;9;85.615;86.778;69.437
2010;5;10;85.747;87.093;69.112
2010;5;11;85.949;87.089;70.317
2010;5;12;85.761;86.992;69.106
2010;5;13;85.99;87.04;69.533
2010;5;14;85.621;86.715;71.398
2010;5;15;85.861;86.949;71.59
2010;5;16;85.135;85.355;70.375
2010;5;17;83.826;78.103;61.325
2010;5;18;83.314;77.358;61.65
2010;5;19;82.89;77.279;61.028
2010;5;20;82.374;76.342;60.342
2010;5;21;82.951;76.775;60.316
2010;5;22;82.683;76.681;60.152
2010;5;23;82.17;75.971;60.274
2010;5;24;81.07;74.731;59.475
2010;5;25;81.932;74.191;60.748
2010;5;26;81.611;73.794;60.597
2010;5;27;80.387;72.266;59.796
2010;5;28;77.377;67.235;59.713
2010;5;29;71.894;57.31;59.166
2010;5;30;66.038;46.291;59.178
2010;5;31;63.815;42.411;59.116
2010;6;1;63.561;41.831;58.622
2010;6;2;63.618;41.882;58.637
2010;6;3;62.537;39.865;57.911
2010;6;4;61.759;38.488;57.36
2010;6;5;60.582;36.504;57.216
2010;6;6;60.487;36.425;57.161
2010;6;7;59.845;35.48;56.963
2010;6;8;58.399;32.938;56.499
2010;6;9;56.374;29.773;56.17
2010;6;10;54.77;27.078;55.844
2010;6;11;54.048;26.33;55.468
2010;6;12;52.266;23.912;54.582
2010;6;13;50.599;20.991;53.813
2010;6;14;49.135;19.034;52.968
2010;6;15;46.849;16.145;48.261
2010;6;16;45.808;14.282;48.255
2010;6;17;45.216;13.326;47.847
2010;6;18;44.476;12.231;46.319
2010;6;19;43.611;11.77;45.379
2010;6;20;41.466;9.898;43.475
2010;6;21;41.505;9.444;44.363
2010;6;22;41.456;9.444;43.848
2010;6;23;40.944;9.377;43.55
2010;6;24;39.96;8.664;44.061
2010;6;25;38.932;6.68;43.862
2010;6;26;38.717;6.927;44.133
2010;6;27;36.612;5.415;42.808
2010;6;28;37.342;6.037;42.574
2010;6;29;38.329;6.055;43.011
2010;6;30;39.368;6.17;43.019
2010;7;1;39.284;6.804;44.221
2010;7;2;38.764;6.063;44.107
2010;7;3;38.6;5.873;43.873
2010;7;4;39.534;6.429;41.99
2010;7;5;38.85;6.226;41.898
2010;7;6;41.396;10.363;41.724
2010;7;7;39.576;6.214;42.257
2010;7;8;39.064;6.062;41.749
2010;7;9;38.965;5.92;41.828
2010;7;10;37.869;5.026;41.4
2010;7;11;38.126;5.072;41.716
2010;7;12;38.693;4.942;41.701
2010;7;13;37.448;4.53;41.344
2010;7;14;37.529;4.079;40.984
2010;7;15;37.78;4.201;41.02
2010;7;16;38.083;3.88;40.63
2010;7;17;38.544;4.022;38.519
2010;7;18;37.98;3.602;37.909
2010;7;19;38.48;4.009;36.675
2010;7;20;37.299;3.1;35.932
2010;7;21;37.84;3.097;36.44
2010;7;22;37.74;3.359;36.382
2010;7;23;37.482;3.385;35.662
2010;7;24;37.436;3.13;35.502
2010;7;25;36.902;3.065;35.475
2010;7;26;37.435;3.382;35.545
2010;7;27;36.758;3.059;34.765
2010;7;28;34.827;2.561;33.958
2010;7;29;33.479;2.42;33.589
2010;7;30;32.888;2.708;33.788
2010;7;31;30.095;2.922;31.307
2010;8;1;33.004;2.48;32.115
2010;8;2;32.307;2.437;31.853
2010;8;3;32.019;2.413;31.522
2010;8;4;34.639;2.817;30.049
2010;8;5;34.955;2.583;30.199
2010;8;6;35.914;2.897;29.804
2010;8;7;35.688;2.714;28.515
2010;8;8;35.669;2.719;28.524
2010;8;9;35.426;2.682;27.621
2010;8;10;35.008;2.308;28.316
2010;8;11;35.406;2.63;27.559
2010;8;12;33.834;1.927;27.416
2010;8;13;34.178;2.031;27.533
2010;8;14;34.25;2.26;27.354
2010;8;15;33.609;2.409;28.057
2010;8;16;30.826;2.458;26.813
2010;8;17;29.591;2.788;27.844
2010;8;18;29.502;3.285;27.111
2010;8;19;29.029;3.417;27.812
2010;8;20;26.989;3.341;32.787
2010;8;21;30.351;3.901;39.689
2010;8;22;34.446;3.601;49.297
2010;8;23;35.818;5.179;51.248
2010;8;24;35.868;5.731;51.326
2010;8;25;36.435;5.678;46.913
2010;8;26;38.167;6.127;49.55
2010;8;27;36.885;3.423;43.574
2010;8;28;36.23;3.591;35.274
2010;8;29;36.473;3.927;35.293
2010;8;30;36.416;3.774;34.757
2010;8;31;36.347;3.408;33.188
2010;9;1;36.378;2.822;31.396
2010;9;2;34.842;3.279;28.153
2010;9;3;34.542;3.275;28.103
2010;9;4;34.114;2.843;28.24
2010;9;5;31.386;2.822;28.222
2010;9;6;32.997;2.921;27.793
2010;9;7;30.343;3.684;27.267
2010;9;8;31.874;4.347;26.76
2010;9;9;32.722;4.022;25.639
2010;9;10;32.939;4.432;25.562
2010;9;11;34.883;5.847;26.378
2010;9;12;35.419;6.694;26.1
2010;9;13;38.069;9.284;28.11
2010;9;14;39.628;10.667;30.905
2010;9;15;40.633;12.136;31.144
2010;9;16;41.558;16.492;73.747
2010;9;17;43.853;20.075;76.593
2010;9;18;46.454;23.758;78.609
2010;9;19;47.173;25.687;78.791
2010;9;20;47.232;25.814;78.831
2010;9;21;46.367;24.629;79.302
2010;9;22;46.851;24.992;78.605
2010;9;23;47.321;24.925;79.542
2010;9;24;44.342;23.629;78.408
2010;9;25;44.42;23.611;78.09
2010;9;26;44.418;23.632;78.076
2010;9;27;46.016;26.91;73.118
2010;9;28;45.99;29.624;68.034
2010;9;29;40.001;28.682;51.96
2010;9;30;41.065;29.024;54.497
2010;10;1;40.135;27.378;51.945
2010;10;2;38.594;21.788;48.803
2010;10;3;38.532;22.432;48.498
2010;10;4;39.163;16.536;51.031
2010;10;5;38.186;10.41;51.887
2010;10;6;40.75;8.579;51.544
2010;10;7;39.471;8.962;48.52
2010;10;8;39.71;8.962;47.265
2010;10;9;41.187;8.782;48.219
2010;10;10;40.964;8.746;47.26
2010;10;11;41.113;8.633;47.177
2010;10;12;41.011;9.343;46.169
2010;10;13;41.394;9.368;46.142
2010;10;14;41.436;9.211;46.411
2010;10;15;40.151;11.155;46.603
2010;10;16;38.886;12.841;46.006
2010;10;17;39.023;14.247;43.041
2010;10;18;41.102;17.751;44.978
2010;10;19;46.182;26.706;51.2
2010;10;20;55.511;42.614;62.974
2010;10;21;64.742;61.534;63.955
2010;10;22;64.379;61.154;64.074
2010;10;23;67.219;65.17;69.523
2010;10;24;67.017;64.905;70.397
2010;10;25;66.509;64.323;69.721
2010;10;26;63.267;65.853;59.943
2010;10;27;61.89;64.227;61.41
2010;10;28;64.866;68.544;65.746
2010;10;29;64.431;67.164;72.095
2010;10;30;62.072;63.84;72.715
2010;10;31;63.518;63.828;75.055
2010;11;1;;;
2010;11;2;;;
2010;11;3;;;
2010;11;4;;;
2010;11;5;;;
2010;11;6;;;
2010;11;7;;;
2010;11;8;;;
2010;11;9;;;
2010;11;10;;;
2010;11;11;;;
2010;11;12;;;
2010;11;13;;;
2010;11;14;;;
2010;11;15;;;
2010;11;16;;;
2010;11;17;;;
2010;11;18;;;
2010;11;19;;;
2010;11;20;;;
2010;11;21;;;
2010;11;22;;;
2010;11;23;;;
2010;11;24;;;
2010;11;25;;;
2010;11;26;;;
2010;11;27;;;
2010;11;28;;;
2010;11;29;;;
2010;11;30;;;
2010;12;1;;;
2010;12;2;;;
2010;12;3;;;
2010;12;4;;;
2010;12;5;;;
2010;12;6;;;
2010;12;7;;;
2010;12;8;;;
2010;12;9;;;
2010;12;10;;;
2010;12;11;;;
2010;12;12;;;
2010;12;13;;;
2010;12;14;;;
2010;12;15;;;
2010;12;16;;;
2010;12;17;;;
2010;12;18;;;
2010;12;19;;;
2010;12;20;;;
2010;12;21;;;
2010;12;22;;;
2010;12;23;;;
2010;12;24;;;
2010;12;25;;;
2010;12;26;;;
2010;12;27;;;
2010;12;28;;;
2010;12;29;;;
2010;12;30;;;
2010;12;31;;;
2011;1;1;;;
2011;1;2;;;
2011;1;3;;;
2011;1;4;;;
2011;1;5;;;
2011;1;6;;;
2011;1;7;;;
2011;1;8;;;
2011;1;9;;;
2011;1;10;;;
2011;1;11;;;
2011;1;12;;;
2011;1;13;;;
2011;1;14;;;
2011;1;15;;;
2011;1;16;;;
2011;1;17;;;
2011;1;18;;;
2011;1;19;;;
2011;1;20;;;
2011;1;21;;;
2011;1;22;;;
2011;1;23;;;
2011;1;24;;;
2011;1;25;;;
2011;1;26;;;
2011;1;27;;;
2011;1;28;;;
2011;1;29;;;
2011;1;30;;;
2011;1;31;;;
2011;2;1;73.541;73.693;82.642
2011;2;2;73.128;73.357;80.399
2011;2;3;72.681;72.684;83.937
2011;2;4;72.523;72.596;83.308
2011;2;5;70.809;70.152;84.183
2011;2;6;70.793;70.138;84.306
2011;2;7;71.225;70.947;84.518
2011;2;8;71.871;71.262;85.315
2011;2;9;72.209;70.791;79.975
2011;2;10;70.372;67.082;73.192
2011;2;11;72.83;69.924;73.539
2011;2;12;72.889;69.803;67.731
2011;2;13;72.67;69.912;71.842
2011;2;14;73.466;71.517;71.026
2011;2;15;69.502;68.662;67.439
2011;2;16;71.608;71.43;66.503
2011;2;17;70.97;71.352;67.63
2011;2;18;69.958;71.813;68.775
2011;2;19;70.0;71.974;69.025
2011;2;20;61.832;60.011;64.403
2011;2;21;72.246;76.344;66.963
2011;2;22;71.114;74.575;66.817
2011;2;23;72.562;76.731;66.837
2011;2;24;72.712;77.004;66.294
2011;2;25;72.35;75.23;69.019
2011;2;26;74.499;77.105;71.93
2011;2;27;77.487;80.839;76.029
2011;2;28;78.045;81.588;75.975
2011;3;1;79.136;83.327;78.927
2011;3;2;79.685;84.43;77.234
2011;3;3;80.33;85.478;75.514
2011;3;4;81.803;87.451;81.346
2011;3;5;81.345;87.747;81.02
2011;3;6;81.266;87.895;80.832
2011;3;7;81.174;87.625;79.723
2011;3;8;81.269;88.145;77.217
2011;3;9;81.181;88.118;76.833
2011;3;10;78.19;84.911;64.663
2011;3;11;78.055;84.652;64.534
2011;3;12;73.275;76.873;66.017
2011;3;13;71.852;72.769;82.77
2011;3;14;72.03;73.097;79.544
2011;3;15;72.316;73.964;77.973
2011;3;16;72.152;73.132;80.621
2011;3;17;72.888;74.368;81.733
2011;3;18;73.627;75.093;83.561
2011;3;19;73.489;75.225;81.825
2011;3;20;73.631;75.258;82.539
2011;3;21;74.145;75.635;82.296
2011;3;22;74.415;76.174;81.561
2011;3;23;74.675;76.26;82.685
2011;3;24;75.27;77.614;76.823
2011;3;25;75.741;77.747;76.245
2011;3;26;78.241;80.541;65.441
2011;3;27;75.906;78.165;74.676
2011;3;28;77.0;79.133;69.576
2011;3;29;78.159;80.703;70.248
2011;3;30;78.205;80.46;71.979
2011;3;31;78.186;80.443;72.097
2011;4;1;78.346;80.789;81.569
2011;4;2;79.481;82.687;79.882
2011;4;3;80.748;84.376;80.002
2011;4;4;80.545;83.891;79.823
2011;4;5;81.167;85.039;79.806
2011;4;6;80.985;84.652;79.51
2011;4;7;80.884;85.005;80.072
2011;4;8;80.594;84.109;79.475
2011;4;9;80.823;84.745;79.865
2011;4;10;81.74;85.978;79.519
2011;4;11;82.929;87.801;78.936
2011;4;12;84.189;88.966;78.274
2011;4;13;84.192;88.913;78.021
2011;4;14;84.852;89.148;77.657
2011;4;15;84.81;89.06;77.158
2011;4;16;85.118;89.533;77.216
2011;4;17;85.864;89.936;77.361
2011;4;18;85.942;89.977;77.045
2011;4;19;86.257;89.95;76.645
2011;4;20;85.971;89.461;76.247
2011;4;21;87.748;90.699;75.1
2011;4;22;86.482;90.353;75.418
2011;4;23;83.588;89.219;74.484
2011;4;24;82.363;87.567;74.354
2011;4;25;80.111;83.929;75.05
2011;4;26;79.465;82.309;75.179
2011;4;27;82.031;86.45;74.905
2011;4;28;80.709;82.847;67.444
2011;4;29;83.028;83.033;64.877
2011;4;30;85.489;84.525;64.434
2011;5;1;85.45;84.571;64.295
2011;5;2;85.332;84.389;64.257
2011;5;3;86.657;82.743;60.929
2011;5;4;85.805;82.437;60.359
2011;5;5;84.557;80.675;61.859
2011;5;6;86.013;82.554;60.048
2011;5;7;82.065;79.228;64.123
2011;5;8;81.172;77.606;64.497
2011;5;9;74.924;70.565;68.537
2011;5;10;72.915;68.802;68.021
2011;5;11;70.348;64.525;69.67
2011;5;12;72.372;67.477;69.723
2011;5;13;70.547;64.85;69.793
2011;5;14;70.227;64.3;70.024
2011;5;15;69.771;63.87;69.928
2011;5;16;71.616;66.147;70.575
2011;5;17;72.329;67.866;69.859
2011;5;18;71.322;64.799;69.321
2011;5;19;71.431;64.926;69.333
2011;5;20;72.067;68.874;70.181
2011;5;21;73.929;70.925;73.02
2011;5;22;73.827;73.688;74.316
2011;5;23;73.866;73.709;74.035
2011;5;24;73.867;73.712;74.215
2011;5;25;73.35;73.695;74.802
2011;5;26;74.293;74.078;74.302
2011;5;27;75.457;74.743;70.112
2011;5;28;74.141;74.083;73.933
2011;5;29;77.97;73.928;66.814
2011;5;30;78.534;71.349;65.769
2011;5;31;75.486;64.664;64.984
2011;6;1;74.285;62.389;64.883
2011;6;2;73.655;61.419;64.54
2011;6;3;74.623;63.14;65.049
2011;6;4;73.742;61.135;64.915
2011;6;5;73.859;61.63;64.691
2011;6;6;73.405;60.962;65.378
2011;6;7;72.773;59.885;65.424
2011;6;8;73.136;60.396;65.304
2011;6;9;71.273;57.608;65.045
2011;6;10;73.132;63.206;68.22
2011;6;11;72.858;62.638;68.169
2011;6;12;71.835;60.924;68.106
2011;6;13;71.313;59.999;68.139
2011;6;14;70.556;58.698;68.006
2011;6;15;67.875;53.973;68.077
2011;6;16;68.129;54.084;68.324
2011;6;17;56.959;40.062;63.415
2011;6;18;58.177;40.771;63.147
2011;6;19;58.313;40.753;63.117
2011;6;20;59.237;37.456;60.605
2011;6;21;59.268;37.472;60.612
2011;6;22;59.117;37.313;60.475
2011;6;23;59.071;37.252;60.459
2011;6;24;58.985;37.081;60.403
2011;6;25;56.604;33.711;61.327
2011;6;26;51.139;30.26;62.144
2011;6;27;51.097;30.481;61.471
2011;6;28;52.342;32.135;61.851
2011;6;29;51.647;30.914;61.578
2011;6;30;51.388;30.762;63.439
2011;7;1;51.083;31.51;62.878
2011;7;2;51.334;31.724;63.332
2011;7;3;51.918;32.367;62.837
2011;7;4;48.651;27.366;63.153
2011;7;5;44.979;18.199;60.568
2011;7;6;39.65;8.577;58.121
2011;7;7;42.494;8.59;50.153
2011;7;8;42.568;8.583;49.842
2011;7;9;42.292;8.396;49.622
2011;7;10;42.127;8.518;51.476
2011;7;11;42.601;8.593;49.815
2011;7;12;42.448;8.18;49.703
2011;7;13;42.543;8.584;49.533
2011;7;14;42.223;8.394;49.795
2011;7;15;42.237;8.384;49.788
2011;7;16;41.939;7.759;46.327
2011;7;17;41.713;7.394;43.294
2011;7;18;41.742;7.503;40.862
2011;7;19;39.761;5.763;40.726
2011;7;20;39.678;5.722;40.584
2011;7;21;41.316;6.83;41.357
2011;7;22;39.424;5.609;40.562
2011;7;23;40.754;6.407;39.237
2011;7;24;40.737;6.631;39.816
2011;7;25;40.823;6.663;39.491
2011;7;26;40.788;6.658;39.24
2011;7;27;39.244;5.832;37.834
2011;7;28;40.992;7.013;37.025
2011;7;29;40.993;8.46;36.255
2011;7;30;40.916;8.18;36.546
2011;7;31;40.971;8.257;36.552
2011;8;1;41.251;8.121;36.634
2011;8;2;39.462;6.463;36.703
2011;8;3;31.239;5.803;33.596
2011;8;4;32.474;5.853;34.973
2011;8;5;32.704;5.762;34.706
2011;8;6;32.698;5.7;34.165
2011;8;7;37.299;5.154;30.313
2011;8;8;36.882;4.693;30.561
2011;8;9;36.923;4.673;31.095
2011;8;10;36.6;4.494;37.066
2011;8;11;36.79;4.724;37.182
2011;8;12;37.882;4.999;32.755
2011;8;13;36.526;5.21;36.936
2011;8;14;37.144;5.743;41.651
2011;8;15;36.877;5.432;42.977
2011;8;16;37.123;5.687;40.587
2011;8;17;37.336;5.476;40.756
2011;8;18;37.038;8.932;56.691
2011;8;19;36.133;8.587;54.736
2011;8;20;34.869;6.691;48.144
2011;8;21;35.615;11.849;44.051
2011;8;22;37.988;6.254;60.673
2011;8;23;37.736;6.191;60.041
2011;8;24;37.955;6.201;60.827
2011;8;25;37.458;4.811;50.878
2011;8;26;36.287;4.687;49.194
2011;8;27;37.995;5.616;62.206
2011;8;28;35.64;4.379;50.131
2011;8;29;35.719;4.503;53.134
2011;8;30;38.989;4.534;41.044
2011;8;31;36.281;4.667;43.824
2011;9;1;36.234;4.66;43.14
2011;9;2;38.141;6.503;38.864
2011;9;3;37.614;5.073;39.665
2011;9;4;35.48;5.18;38.262
2011;9;5;27.591;13.038;33.825
2011;9;6;28.458;14.486;33.399
2011;9;7;32.396;20.636;33.408
2011;9;8;31.211;16.245;33.294
2011;9;9;42.36;22.311;70.889
2011;9;10;42.947;21.999;67.362
2011;9;11;42.99;22.071;67.823
2011;9;12;43.184;22.32;61.353
2011;9;13;42.957;21.965;60.931
2011;9;14;43.126;22.319;64.176
2011;9;15;42.612;21.605;56.463
2011;9;16;42.233;19.413;62.911
2011;9;17;39.864;15.306;61.363
2011;9;18;40.04;15.865;63.355
2011;9;19;39.441;15.548;62.004
2011;9;20;36.958;11.087;56.757
2011;9;21;36.688;10.031;62.827
2011;9;22;35.631;9.867;59.77
2011;9;23;36.254;10.651;63.08
2011;9;24;36.918;11.067;63.248
2011;9;25;36.769;11.11;64.373
2011;9;26;37.287;11.93;63.943
2011;9;27;30.458;11.868;46.52
2011;9;28;34.49;18.79;46.882
2011;9;29;34.381;18.852;46.105
2011;9;30;35.173;20.902;42.802
2011;10;1;35.999;22.198;43.427
2011;10;2;48.44;44.41;47.3
2011;10;3;48.415;44.365;47.365
2011;10;4;48.19;43.876;47.029
2011;10;5;54.583;49.328;65.352
2011;10;6;65.051;61.366;81.957
2011;10;7;65.703;62.902;81.762
2011;10;8;64.874;61.457;82.043
2011;10;9;61.071;56.843;61.702
2011;10;10;62.324;58.689;69.272
2011;10;11;62.952;60.396;66.366
2011;10;12;62.908;60.295;66.594
2011;10;13;61.61;58.006;65.817
2011;10;14;61.012;57.163;60.741
2011;10;15;61.933;59.377;66.707
2011;10;16;61.943;60.124;57.947
2011;10;17;61.49;59.672;57.309
2011;10;18;58.843;56.715;56.188
2011;10;19;59.154;56.963;56.183
2011;10;20;62.423;61.993;66.112
2011;10;21;61.682;62.003;68.993
2011;10;22;60.025;61.161;65.506
2011;10;23;70.798;76.931;77.834
2011;10;24;71.773;78.283;79.817
2011;10;25;75.337;84.983;78.725
2011;10;26;75.158;84.341;78.823
2011;10;27;75.621;85.038;80.43
2011;10;28;75.517;84.99;81.078
2011;10;29;74.936;83.589;67.643
2011;10;30;75.259;82.12;66.854
2011;10;31;78.504;85.585;65.205
2011;11;1;;;
2011;11;2;;;
2011;11;3;;;
2011;11;4;;;
2011;11;5;;;
2011;11;6;;;
2011;11;7;;;
2011;11;8;;;
2011;11;9;;;
2011;11;10;;;
2011;11;11;;;
2011;11;12;;;
2011;11;13;;;
2011;11;14;;;
2011;11;15;;;
2011;11;16;;;
2011;11;17;;;
2011;11;18;;;
2011;11;19;;;
2011;11;20;;;
2011;11;21;;;
2011;11;22;;;
2011;11;23;;;
2011;11;24;;;
2011;11;25;;;
2011;11;26;;;
2011;11;27;;;
2011;11;28;;;
2011;11;29;;;
2011;11;30;;;
2011;12;1;;;
2011;12;2;;;
2011;12;3;;;
2011;12;4;;;
2011;12;5;;;
2011;12;6;;;
2011;12;7;;;
2011;12;8;;;
2011;12;9;;;
2011;12;10;;;
2011;12;11;;;
2011;12;12;;;
2011;12;13;;;
2011;12;14;;;
2011;12;15;;;
2011;12;16;;;
2011;12;17;;;
2011;12;18;;;
2011;12;19;;;
2011;12;20;;;
2011;12;21;;;
2011;12;22;;;
2011;12;23;;;
2011;12;24;;;
2011;12;25;;;
2011;12;26;;;
2011;12;27;;;
2011;12;28;;;
2011;12;29;;;
2011;12;30;;;
2011;12;31;;;
2012;1;1;;;
2012;1;2;;;
2012;1;3;;;
2012;1;4;;;
2012;1;5;;;
2012;1;6;;;
2012;1;7;;;
2012;1;8;;;
2012;1;9;;;
2012;1;10;;;
2012;1;11;;;
2012;1;12;;;
2012;1;13;;;
2012;1;14;;;
2012;1;15;;;
2012;1;16;;;
2012;1;17;;;
2012;1;18;;;
2012;1;19;;;
2012;1;20;;;
2012;1;21;;;
2012;1;22;;;
2012;1;23;;;
2012;1;24;;;
2012;1;25;;;
2012;1;26;;;
2012;1;27;;;
2012;1;28;;;
2012;1;29;;;
2012;1;30;;;
2012;1;31;;;
2012;2;1;71.407;71.291;83.679
2012;2;2;71.987;71.404;77.116
2012;2;3;72.355;71.871;80.066
2012;2;4;72.663;72.859;78.532
2012;2;5;74.964;76.067;82.424
2012;2;6;74.289;74.883;81.475
2012;2;7;75.703;76.709;76.729
2012;2;8;76.111;77.572;80.333
2012;2;9;76.955;79.096;74.174
2012;2;10;78.954;81.453;76.852
2012;2;11;78.61;80.522;67.989
2012;2;12;80.013;82.07;68.458
2012;2;13;80.161;81.699;72.384
2012;2;14;81.31;82.765;70.064
2012;2;15;80.316;81.081;63.641
2012;2;16;79.416;78.828;53.834
2012;2;17;78.555;77.743;54.727
2012;2;18;76.604;73.877;50.623
2012;2;19;77.248;74.78;49.959
2012;2;20;75.383;74.031;46.592
2012;2;21;75.704;73.761;49.699
2012;2;22;72.014;72.592;61.146
2012;2;23;73.66;75.004;59.381
2012;2;24;74.184;75.681;58.791
2012;2;25;73.668;75.609;72.957
2012;2;26;72.836;75.009;68.312
2012;2;27;72.86;75.155;68.788
2012;2;28;72.209;74.413;78.564
2012;2;29;71.82;73.768;78.604
2012;3;1;72.266;74.354;75.919
2012;3;2;71.959;73.507;69.691
2012;3;3;72.151;74.295;74.639
2012;3;4;72.424;73.676;80.765
2012;3;5;72.694;74.095;79.616
2012;3;6;72.861;74.414;79.486
2012;3;7;71.925;73.576;71.338
2012;3;8;74.295;75.391;87.298
2012;3;9;75.999;76.538;86.119
2012;3;10;76.317;76.559;85.378
2012;3;11;74.978;76.271;86.556
2012;3;12;74.846;76.044;86.639
2012;3;13;77.052;77.727;87.442
2012;3;14;76.218;78.713;86.84
2012;3;15;77.006;80.929;86.533
2012;3;16;77.287;81.057;85.902
2012;3;17;77.35;80.856;85.532
2012;3;18;77.793;81.464;84.518
2012;3;19;78.983;83.623;78.709
2012;3;20;78.378;82.544;78.661
2012;3;21;78.662;82.492;77.608
2012;3;22;79.608;83.169;76.406
2012;3;23;79.525;83.237;75.036
2012;3;24;83.017;85.507;73.783
2012;3;25;82.459;83.583;72.852
2012;3;26;83.836;84.084;72.897
2012;3;27;86.876;84.529;73.093
2012;3;28;85.886;84.363;71.471
2012;3;29;85.885;83.151;75.368
2012;3;30;79.58;76.71;75.151
2012;3;31;80.953;78.096;75.756
2012;4;1;81.287;76.715;81.424
2012;4;2;74.918;75.467;66.651
2012;4;3;75.068;75.756;64.973
2012;4;4;74.747;76.163;63.426
2012;4;5;75.414;76.653;63.062
2012;4;6;74.525;75.056;62.95
2012;4;7;75.557;77.024;63.227
2012;4;8;73.057;72.979;62.348
2012;4;9;76.371;75.158;76.114
2012;4;10;73.868;72.538;78.686
2012;4;11;72.345;71.043;79.651
2012;4;12;72.465;71.265;79.598
2012;4;13;71.639;70.05;79.459
2012;4;14;74.477;72.809;79.659
2012;4;15;72.493;71.174;79.676
2012;4;16;72.335;71.124;80.201
2012;4;17;72.469;71.176;79.721
2012;4;18;72.525;71.263;79.747
2012;4;19;74.421;74.204;79.986
2012;4;20;70.465;68.724;80.208
2012;4;21;72.081;71.662;78.106
2012;4;22;73.469;72.475;76.219
2012;4;23;73.482;72.477;75.866
2012;4;24;73.297;72.231;75.876
2012;4;25;73.348;72.326;76.037
2012;4;26;73.77;72.307;76.491
2012;4;27;72.634;71.954;74.73
2012;4;28;71.661;69.813;75.864
2012;4;29;69.993;67.052;71.471
2012;4;30;70.243;67.437;71.519
2012;5;1;70.258;67.451;71.498
2012;5;2;66.785;61.347;70.337
2012;5;3;63.61;55.888;69.402
2012;5;4;63.008;54.97;70.237
2012;5;5;62.313;54.7;70.046
2012;5;6;62.354;54.416;71.756
2012;5;7;62.174;54.12;71.921
2012;5;8;62.232;54.252;71.737
2012;5;9;61.71;53.348;72.257
2012;5;10;62.238;55.499;71.341
2012;5;11;63.937;57.45;71.997
2012;5;12;64.718;59.375;74.079
2012;5;13;65.267;60.148;77.907
2012;5;14;65.848;60.563;76.405
2012;5;15;66.562;60.849;73.923
2012;5;16;66.533;60.795;73.921
2012;5;17;67.653;63.171;75.439
2012;5;18;66.208;60.91;76.402
2012;5;19;67.001;61.021;75.068
2012;5;20;62.179;53.547;74.313
2012;5;21;59.333;46.548;72.537
2012;5;22;57.47;43.979;71.72
2012;5;23;55.933;34.574;60.608
2012;5;24;50.968;21.587;50.108
2012;5;25;47.421;15.575;47.915
2012;5;26;45.714;12.506;46.462
2012;5;27;43.767;9.419;45.837
2012;5;28;43.348;8.524;45.56
2012;5;29;43.299;8.621;45.571
2012;5;30;43.197;8.456;45.46
2012;5;31;42.912;7.95;45.592
2012;6;1;42.149;6.884;45.341
2012;6;2;42.225;7.1;45.091
2012;6;3;41.988;6.758;45.129
2012;6;4;42.167;7.041;44.964
2012;6;5;42.128;7.179;45.174
2012;6;6;41.068;6.945;44.699
2012;6;7;40.575;7.507;51.183
2012;6;8;37.477;7.403;63.732
2012;6;9;37.494;7.944;66.028
2012;6;10;37.092;7.539;65.841
2012;6;11;36.781;7.126;65.941
2012;6;12;36.824;7.303;66.003
2012;6;13;37.421;7.215;63.87
2012;6;14;37.07;7.384;65.368
2012;6;15;38.328;6.148;56.842
2012;6;16;38.048;6.465;56.293
2012;6;17;38.455;4.573;48.998
2012;6;18;39.924;4.379;46.767
2012;6;19;39.75;4.155;46.54
2012;6;20;39.924;4.632;47.144
2012;6;21;39.536;4.334;46.136
2012;6;22;39.902;3.99;46.685
2012;6;23;40.045;4.469;45.692
2012;6;24;39.53;4.284;46.127
2012;6;25;39.532;4.262;46.089
2012;6;26;38.798;3.98;45.843
2012;6;27;38.229;3.729;45.408
2012;6;28;37.153;4.18;44.31
2012;6;29;37.281;4.2;42.785
2012;6;30;36.861;3.549;40.383
2012;7;1;37.635;3.759;41.336
2012;7;2;37.175;3.83;41.039
2012;7;3;37.211;3.609;39.602
2012;7;4;37.334;3.455;38.365
2012;7;5;37.722;3.591;39.243
2012;7;6;37.569;3.448;39.879
2012;7;7;37.777;3.283;38.197
2012;7;8;38.025;3.147;37.726
2012;7;9;37.951;3.194;37.836
2012;7;10;38.044;3.217;37.907
2012;7;11;38.097;3.155;38.175
2012;7;12;38.179;3.117;37.027
2012;7;13;37.989;2.976;37.017
2012;7;14;38.009;3.006;37.191
2012;7;15;37.998;3.113;36.18
2012;7;16;38.265;3.325;36.52
2012;7;17;37.609;3.142;35.377
2012;7;18;37.279;3.284;34.274
2012;7;19;37.323;3.345;34.475
2012;7;20;37.359;3.322;33.837
2012;7;21;37.558;3.727;34.893
2012;7;22;35.604;3.496;33.222
2012;7;23;35.581;2.706;31.992
2012;7;24;36.389;2.66;31.964
2012;7;25;36.317;2.586;32.031
2012;7;26;36.385;2.591;32.174
2012;7;27;35.682;2.194;31.583
2012;7;28;36.37;2.351;31.33
2012;7;29;36.371;2.165;31.052
2012;7;30;35.833;2.168;30.801
2012;7;31;35.848;2.019;30.42
2012;8;1;35.81;1.966;30.546
2012;8;2;35.78;1.778;30.231
2012;8;3;35.39;1.419;29.353
2012;8;4;34.924;1.424;29.02
2012;8;5;34.884;1.394;28.479
2012;8;6;34.724;1.374;28.646
2012;8;7;34.548;1.327;27.841
2012;8;8;34.4;1.557;27.329
2012;8;9;34.045;1.524;27.267
2012;8;10;34.194;1.649;26.599
2012;8;11;33.933;1.77;26.4
2012;8;12;33.164;1.658;25.232
2012;8;13;32.268;1.846;25.976
2012;8;14;31.606;1.774;25.105
2012;8;15;30.465;1.724;25.436
2012;8;16;26.038;9.077;33.023
2012;8;17;25.311;8.744;32.617
2012;8;18;24.963;8.038;30.085
2012;8;19;22.888;8.384;30.392
2012;8;20;21.418;6.605;29.462
2012;8;21;26.829;5.509;48.469
2012;8;22;26.939;5.57;48.544
2012;8;23;25.545;5.009;45.72
2012;8;24;26.973;5.829;48.91
2012;8;25;32.225;6.617;65.168
2012;8;26;31.59;5.867;64.911
2012;8;27;32.549;6.709;66.587
2012;8;28;32.599;6.848;66.413
2012;8;29;33.659;7.36;68.16
2012;8;30;35.87;8.056;70.148
2012;8;31;34.024;7.216;68.642
2012;9;1;36.297;9.389;59.305
2012;9;2;38.074;6.393;35.615
2012;9;3;37.782;5.902;35.476
2012;9;4;37.849;5.855;34.723
2012;9;5;35.863;4.974;32.045
2012;9;6;39.186;8.299;30.084
2012;9;7;44.575;16.084;37.126
2012;9;8;52.111;29.613;35.553
2012;9;9;51.887;29.28;35.557
2012;9;10;53.265;32.544;37.848
2012;9;11;54.117;34.009;37.966
2012;9;12;64.656;55.597;71.135
2012;9;13;68.565;62.338;78.319
2012;9;14;68.6;62.512;77.978
2012;9;15;64.392;59.964;76.259
2012;9;16;63.72;58.3;77.578
2012;9;17;63.723;57.42;77.42
2012;9;18;62.048;59.203;60.96
2012;9;19;60.961;57.265;61.407
2012;9;20;60.673;55.47;69.078
2012;9;21;56.948;48.19;67.105
2012;9;22;56.041;47.111;63.145
2012;9;23;56.69;48.763;63.393
2012;9;24;60.288;52.719;69.667
2012;9;25;57.812;48.86;70.446
2012;9;26;57.144;46.199;63.311
2012;9;27;56.722;47.795;62.724
2012;9;28;58.269;50.234;66.123
2012;9;29;60.515;52.2;66.735
2012;9;30;66.557;63.788;75.805
2012;10;1;74.038;72.837;84.407
2012;10;2;75.155;74.78;85.954
2012;10;3;76.521;75.514;86.015
2012;10;4;77.356;75.854;86.294
2012;10;5;77.333;75.742;86.594
2012;10;6;77.548;75.752;86.04
2012;10;7;77.697;76.182;86.324
2012;10;8;77.632;75.854;86.12
2012;10;9;77.566;76.117;86.434
2012;10;10;77.396;76.226;86.412
2012;10;11;77.21;75.232;85.76
2012;10;12;76.36;74.422;86.278
2012;10;13;74.046;71.426;85.438
2012;10;14;71.47;68.031;86.325
2012;10;15;68.112;64.281;84.058
2012;10;16;70.907;67.165;85.772
2012;10;17;72.279;69.57;86.233
2012;10;18;72.638;69.993;86.441
2012;10;19;72.907;70.117;86.757
2012;10;20;73.617;71.224;86.131
2012;10;21;74.828;72.75;86.819
2012;10;22;74.947;73.136;86.583
2012;10;23;75.037;73.214;86.72
2012;10;24;74.443;72.731;86.226
2012;10;25;74.512;73.34;84.363
2012;10;26;74.178;74.529;81.987
2012;10;27;66.962;71.626;72.802
2012;10;28;65.115;68.598;72.996
2012;10;29;62.98;65.553;72.279
2012;10;30;64.237;68.44;71.834
2012;10;31;59.86;61.581;70.671
2012;11;1;;;
2012;11;2;;;
2012;11;3;;;
2012;11;4;;;
2012;11;5;;;
2012;11;6;;;
2012;11;7;;;
2012;11;8;;;
2012;11;9;;;
2012;11;10;;;
2012;11;11;;;
2012;11;12;;;
2012;11;13;;;
2012;11;14;;;
2012;11;15;;;
2012;11;16;;;
2012;11;17;;;
2012;11;18;;;
2012;11;19;;;
2012;11;20;;;
2012;11;21;;;
2012;11;22;;;
2012;11;23;;;
2012;11;24;;;
2012;11;25;;;
2012;11;26;;;
2012;11;27;;;
2012;11;28;;;
2012;11;29;;;
2012;11;30;;;
2012;12;1;;;
2012;12;2;;;
2012;12;3;;;
2012;12;4;;;
2012;12;5;;;
2012;12;6;;;
2012;12;7;;;
2012;12;8;;;
2012;12;9;;;
2012;12;10;;;
2012;12;11;;;
2012;12;12;;;
2012;12;13;;;
2012;12;14;;;
2012;12;15;;;
2012;12;16;;;
2012;12;17;;;
2012;12;18;;;
2012;12;19;;;
2012;12;20;;;
2012;12;21;;;
2012;12;22;;;
2012;12;23;;;
2012;12;24;;;
2012;12;25;;;
2012;12;26;;;
2012;12;27;;;
2012;12;28;;;
2012;12;29;;;
2012;12;30;;;
2012;12;31;;;
2013;1;1;;;
2013;1;2;;;
2013;1;3;;;
2013;1;4;;;
2013;1;5;;;
2013;1;6;;;
2013;1;7;;;
2013;1;8;;;
2013;1;9;;;
2013;1;10;;;
2013;1;11;;;
2013;1;12;;;
2013;1;13;;;
2013;1;14;;;
2013;1;15;;;
2013;1;16;;;
2013;1;17;;;
2013;1;18;;;
2013;1;19;;;
2013;1;20;;;
2013;1;21;;;
2013;1;22;;;
2013;1;23;;;
2013;1;24;;;
2013;1;25;;;
2013;1;26;;;
2013;1;27;;;
2013;1;28;;;
2013;1;29;;;
2013;1;30;;;
2013;1;31;;;
2013;2;1;63.466;65.298;83.496
2013;2;2;63.432;64.702;80.33
2013;2;3;64.126;67.22;83.81
2013;2;4;64.039;66.246;81.972
2013;2;5;64.375;66.43;83.002
2013;2;6;63.807;65.958;83.909
2013;2;7;63.216;65.748;77.484
2013;2;8;62.617;65.64;82.096
2013;2;9;62.165;63.365;75.424
2013;2;10;62.695;64.023;76.934
2013;2;11;62.327;62.933;73.237
2013;2;12;59.733;59.194;64.586
2013;2;13;66.359;69.324;68.102
2013;2;14;67.32;71.098;67.178
2013;2;15;67.888;71.569;66.625
2013;2;16;68.255;71.794;64.739
2013;2;17;67.719;71.402;65.193
2013;2;18;74.833;79.258;74.556
2013;2;19;74.053;78.42;67.771
2013;2;20;74.849;79.164;67.829
2013;2;21;75.667;81.388;66.351
2013;2;22;77.758;83.578;70.078
2013;2;23;79.131;84.941;74.858
2013;2;24;77.748;82.771;71.365
2013;2;25;79.639;85.136;74.13
2013;2;26;80.437;86.453;73.816
2013;2;27;80.59;86.141;75.435
2013;2;28;81.716;87.093;77.018
2013;3;1;79.224;84.233;75.872
2013;3;2;83.416;88.04;78.407
2013;3;3;83.44;87.977;78.919
2013;3;4;78.168;78.96;83.135
2013;3;5;71.868;70.36;84.196
2013;3;6;67.447;70.246;67.264
2013;3;7;67.6;69.183;62.451
2013;3;8;67.503;69.168;62.518
2013;3;9;67.235;68.963;62.142
2013;3;10;68.101;69.957;67.245
2013;3;11;67.568;70.07;56.417
2013;3;12;68.183;70.101;60.365
2013;3;13;67.899;69.963;62.444
2013;3;14;67.884;69.914;62.427
2013;3;15;67.391;69.258;59.989
2013;3;16;64.128;65.803;44.244
2013;3;17;62.987;64.037;53.502
2013;3;18;62.167;62.682;55.33
2013;3;19;62.065;62.536;55.31
2013;3;20;66.731;67.523;68.272
2013;3;21;70.449;71.912;76.263
2013;3;22;70.421;71.777;75.816
2013;3;23;70.894;72.403;77.823
2013;3;24;72.469;74.149;75.909
2013;3;25;72.297;73.557;82.853
2013;3;26;76.352;76.197;80.835
2013;3;27;78.398;78.79;80.667
2013;3;28;81.773;81.819;78.843
2013;3;29;83.574;83.134;80.558
2013;3;30;83.684;83.598;81.682
2013;3;31;84.025;83.221;78.086
2013;4;1;84.641;83.935;79.177
2013;4;2;84.96;84.214;78.648
2013;4;3;85.101;84.206;80.175
2013;4;4;85.038;84.287;79.433
2013;4;5;85.22;84.209;78.395
2013;4;6;85.183;84.059;80.628
2013;4;7;85.341;84.348;81.632
2013;4;8;82.534;79.611;83.328
2013;4;9;69.855;71.417;73.466
2013;4;10;69.554;70.903;74.675
2013;4;11;70.204;71.415;75.207
2013;4;12;71.737;70.654;74.644
2013;4;13;72.182;71.34;74.129
2013;4;14;74.122;74.112;78.639
2013;4;15;74.692;75.186;76.58
2013;4;16;74.689;75.449;75.839
2013;4;17;74.948;75.688;76.236
2013;4;18;74.466;75.325;75.876
2013;4;19;74.279;76.442;74.452
2013;4;20;74.669;76.625;70.723
2013;4;21;73.62;75.354;73.444
2013;4;22;73.8;75.215;73.253
2013;4;23;73.342;75.087;72.099
2013;4;24;73.54;75.558;72.358
2013;4;25;73.89;75.561;69.124
2013;4;26;72.357;73.573;72.098
2013;4;27;73.485;73.943;70.568
2013;4;28;72.608;73.252;71.338
2013;4;29;72.582;73.654;75.64
2013;4;30;73.612;73.847;77.957
2013;5;1;73.701;73.997;78.01
2013;5;2;75.224;76.192;76.007
2013;5;3;73.764;75.529;74.587
2013;5;4;74.765;77.262;75.064
2013;5;5;75.542;77.774;74.66
2013;5;6;75.827;78.114;74.637
2013;5;7;76.758;79.634;74.652
2013;5;8;76.87;79.767;74.561
2013;5;9;77.023;79.953;74.749
2013;5;10;72.071;71.586;68.17
2013;5;11;71.09;71.058;58.616
2013;5;12;76.142;77.459;78.562
2013;5;13;86.481;90.248;71.953
2013;5;14;86.503;90.084;72.639
2013;5;15;88.809;92.86;73.157
2013;5;16;90.58;93.422;74.165
2013;5;17;89.399;93.19;74.697
2013;5;18;88.708;92.974;73.897
2013;5;19;88.606;92.844;73.821
2013;5;20;88.939;92.948;73.499
2013;5;21;88.98;92.849;73.877
2013;5;22;88.34;92.483;73.747
2013;5;23;88.321;92.615;73.268
2013;5;24;91.13;93.558;73.239
2013;5;25;90.623;93.199;73.244
2013;5;26;87.597;90.9;73.043
2013;5;27;86.714;89.445;72.098
2013;5;28;85.572;89.361;72.679
2013;5;29;88.823;91.651;72.516
2013;5;30;87.959;90.635;72.05
2013;5;31;87.388;90.217;72.083
2013;6;1;89.599;90.901;69.514
2013;6;2;90.115;90.742;68.949
2013;6;3;91.202;90.737;67.476
2013;6;4;90.852;89.59;66.624
2013;6;5;90.922;89.658;66.683
2013;6;6;90.944;88.446;65.743
2013;6;7;90.736;87.68;65.156
2013;6;8;89.853;86.185;63.615
2013;6;9;89.152;85.184;63.558
2013;6;10;89.692;86.124;63.475
2013;6;11;89.484;85.224;62.21
2013;6;12;84.306;76.765;60.447
2013;6;13;75.882;65.422;59.54
2013;6;14;75.618;64.755;59.569
2013;6;15;72.19;58.926;59.686
2013;6;16;71.017;54.827;60.128
2013;6;17;69.719;53.816;60.008
2013;6;18;64.981;44.368;59.625
2013;6;19;65.145;44.75;59.651
2013;6;20;64.849;44.253;59.642
2013;6;21;64.935;44.155;59.789
2013;6;22;63.724;43.481;59.623
2013;6;23;60.354;35.974;59.412
2013;6;24;56.633;32.73;60.675
2013;6;25;56.994;33.292;60.58
2013;6;26;56.333;33.144;60.269
2013;6;27;53.716;30.669;59.05
2013;6;28;53.13;29.989;59.053
2013;6;29;54.35;31.705;61.019
2013;6;30;54.859;33.317;60.82
2013;7;1;54.513;33.834;59.966
2013;7;2;54.248;32.538;60.256
2013;7;3;54.215;32.601;60.164
2013;7;4;48.73;20.068;58.38
2013;7;5;45.841;14.434;51.369
2013;7;6;47.565;16.042;56.424
2013;7;7;46.392;13.626;48.472
2013;7;8;47.144;14.795;48.72
2013;7;9;45.786;12.249;48.329
2013;7;10;47.056;14.85;48.571
2013;7;11;47.11;14.805;48.579
2013;7;12;45.237;12.139;48.376
2013;7;13;43.827;11.41;47.175
2013;7;14;43.24;10.061;47.362
2013;7;15;40.259;6.051;44.94
2013;7;16;38.521;3.756;45.335
2013;7;17;38.46;3.77;44.371
2013;7;18;38.068;3.792;42.093
2013;7;19;38.144;4.099;43.38
2013;7;20;38.386;3.546;43.384
2013;7;21;38.257;3.484;42.31
2013;7;22;38.198;3.172;42.16
2013;7;23;38.159;3.249;41.97
2013;7;24;38.162;3.298;42.183
2013;7;25;37.947;2.995;42.056
2013;7;26;37.879;3.191;41.268
2013;7;27;37.723;3.226;41.392
2013;7;28;37.316;3.132;41.402
2013;7;29;36.816;2.419;41.501
2013;7;30;36.541;2.522;41.211
2013;7;31;34.899;2.655;39.126
2013;8;1;36.427;3.652;41.113
2013;8;2;37.515;5.642;53.785
2013;8;3;39.379;7.284;53.487
2013;8;4;38.752;7.575;53.778
2013;8;5;38.889;6.359;49.041
2013;8;6;38.978;6.533;49.176
2013;8;7;38.713;4.321;47.427
2013;8;8;37.471;4.444;40.855
2013;8;9;36.429;4.333;42.531
2013;8;10;37.354;4.211;41.016
2013;8;11;38.161;3.941;42.76
2013;8;12;38.743;3.893;42.131
2013;8;13;37.81;4.55;41.351
2013;8;14;38.63;4.109;40.548
2013;8;15;38.417;4.109;40.127
2013;8;16;38.101;3.903;40.392
2013;8;17;38.52;4.299;40.095
2013;8;18;37.399;4.63;39.742
2013;8;19;37.501;3.871;38.924
2013;8;20;36.744;4.191;38.349
2013;8;21;38.139;3.945;38.182
2013;8;22;38.356;4.2;38.087
2013;8;23;38.063;4.01;38.195
2013;8;24;37.714;3.6;38.126
2013;8;25;36.727;3.838;37.461
2013;8;26;37.961;4.105;37.79
2013;8;27;36.534;3.925;38.761
2013;8;28;37.591;3.9;37.469
2013;8;29;37.726;4.114;37.853
2013;8;30;37.666;4.021;37.974
2013;8;31;37.429;3.765;38.239
2013;9;1;36.474;3.419;40.287
2013;9;2;37.251;3.146;39.277
2013;9;3;36.899;3.185;41.614
2013;9;4;36.925;2.909;39.486
2013;9;5;36.909;3.026;39.483
2013;9;6;36.869;3.078;38.998
2013;9;7;36.962;2.972;38.425
2013;9;8;36.007;3.405;39.745
2013;9;9;35.698;3.236;38.073
2013;9;10;35.783;3.168;38.986
2013;9;11;35.906;3.366;38.609
2013;9;12;35.714;3.548;37.28
2013;9;13;35.078;4.842;40.926
2013;9;14;34.191;4.604;40.37
2013;9;15;44.285;22.22;59.179
2013;9;16;61.314;50.514;66.845
2013;9;17;70.132;65.631;76.285
2013;9;18;69.54;65.239;76.655
2013;9;19;72.03;68.094;80.628
2013;9;20;72.379;68.64;81.001
2013;9;21;72.044;68.104;80.624
2013;9;22;74.106;68.982;80.649
2013;9;23;74.228;70.457;80.07
2013;9;24;75.199;69.05;80.444
2013;9;25;75.343;70.511;80.165
2013;9;26;75.599;70.538;78.644
2013;9;27;77.169;73.055;79.254
2013;9;28;76.551;73.391;79.918
2013;9;29;76.72;73.696;79.585
2013;9;30;77.329;76.495;78.457
2013;10;1;74.732;74.574;74.687
2013;10;2;74.679;74.011;75.344
2013;10;3;63.524;61.381;67.047
2013;10;4;54.056;50.256;58.335
2013;10;5;56.291;53.151;52.869
2013;10;6;56.899;53.814;54.425
2013;10;7;59.16;45.502;57.464
2013;10;8;51.412;29.114;58.168
2013;10;9;51.577;25.812;58.558
2013;10;10;53.292;27.834;59.765
2013;10;11;51.928;25.92;59.406
2013;10;12;51.798;25.978;60.072
2013;10;13;52.37;25.526;59.672
2013;10;14;51.691;25.424;59.569
2013;10;15;52.259;26.361;60.733
2013;10;16;50.087;23.643;60.66
2013;10;17;51.345;25.267;61.033
2013;10;18;51.697;25.301;60.628
2013;10;19;52.814;34.072;64.645
2013;10;20;60.469;51.273;68.328
2013;10;21;63.223;58.276;71.459
2013;10;22;61.274;60.213;77.146
2013;10;23;61.994;61.225;77.053
2013;10;24;63.278;64.613;81.611
2013;10;25;63.879;65.906;81.0
2013;10;26;63.872;65.969;85.315
2013;10;27;63.626;65.862;85.049
2013;10;28;63.64;65.583;85.186
2013;10;29;68.47;69.179;85.416
2013;10;30;72.114;71.543;85.318
2013;10;31;68.839;70.928;85.815
2013;11;1;;;
2013;11;2;;;
2013;11;3;;;
2013;11;4;;;
2013;11;5;;;
2013;11;6;;;
2013;11;7;;;
2013;11;8;;;
2013;11;9;;;
2013;11;10;;;
2013;11;11;;;
2013;11;12;;;
2013;11;13;;;
2013;11;14;;;
2013;11;15;;;
2013;11;16;;;
2013;11;17;;;
2013;11;18;;;
2013;11;19;;;
2013;11;20;;;
2013;11;21;;;
2013;11;22;;;
2013;11;23;;;
2013;11;24;;;
2013;11;25;;;
2013;11;26;;;
2013;11;27;;;
2013;11;28;;;
2013;11;29;;;
2013;11;30;;;
2013;12;1;;;
2013;12;2;;;
2013;12;3;;;
2013;12;4;;;
2013;12;5;;;
2013;12;6;;;
2013;12;7;;;
2013;12;8;;;
2013;12;9;;;
2013;12;10;;;
2013;12;11;;;
2013;12;12;;;
2013;12;13;;;
2013;12;14;;;
2013;12;15;;;
2013;12;16;;;
2013;12;17;;;
2013;12;18;;;
2013;12;19;;;
2013;12;20;;;
2013;12;21;;;
2013;12;22;;;
2013;12;23;;;
2013;12;24;;;
2013;12;25;;;
2013;12;26;;;
2013;12;27;;;
2013;12;28;;;
2013;12;29;;;
2013;12;30;;;
2013;12;31;;;
2014;1;1;;;
2014;1;2;;;
2014;1;3;;;
2014;1;4;;;
2014;1;5;;;
2014;1;6;;;
2014;1;7;;;
2014;1;8;;;
2014;1;9;;;
2014;1;10;;;
2014;1;11;;;
2014;1;12;;;
2014;1;13;;;
2014;1;14;;;
2014;1;15;;;
2014;1;16;;;
2014;1;17;;;
2014;1;18;;;
2014;1;19;;;
2014;1;20;;;
2014;1;21;;;
2014;1;22;;;
2014;1;23;;;
2014;1;24;;;
2014;1;25;;;
2014;1;26;;;
2014;1;27;;;
2014;1;28;;;
2014;1;29;;;
2014;1;30;;;
2014;1;31;;;
2014;2;1;59.753;61.609;83.18
2014;2;2;59.642;61.51;83.036
2014;2;3;59.699;61.776;81.96
2014;2;4;59.605;61.672;82.409
2014;2;5;59.635;61.608;82.346
2014;2;6;59.9;61.713;82.103
2014;2;7;59.853;61.677;82.293
2014;2;8;59.828;61.702;82.077
2014;2;9;59.915;61.678;81.989
2014;2;10;59.917;61.715;82.022
2014;2;11;58.549;61.218;74.326
2014;2;12;58.365;61.188;73.355
2014;2;13;65.144;65.466;85.681
2014;2;14;63.17;61.942;85.677
2014;2;15;63.134;61.876;85.694
2014;2;16;62.315;61.37;82.477
2014;2;17;62.24;61.143;82.564
2014;2;18;62.022;60.572;83.465
2014;2;19;61.149;59.385;82.116
2014;2;20;61.331;59.683;82.207
2014;2;21;60.814;59.259;80.918
2014;2;22;60.253;57.956;81.435
2014;2;23;62.19;61.366;81.279
2014;2;24;56.691;58.493;53.361
2014;2;25;58.84;59.78;55.709
2014;2;26;58.624;59.641;56.101
2014;2;27;60.284;60.313;63.344
2014;2;28;61.233;61.476;64.452
2014;3;1;65.469;65.432;74.791
2014;3;2;71.427;72.328;77.844
2014;3;3;71.808;72.571;80.236
2014;3;4;70.351;71.562;77.223
2014;3;5;72.054;73.07;80.222
2014;3;6;75.741;78.315;81.732
2014;3;7;73.734;75.431;80.495
2014;3;8;76.67;78.367;81.58
2014;3;9;76.333;77.939;81.494
2014;3;10;76.479;78.089;81.599
2014;3;11;77.17;78.85;81.571
2014;3;12;77.85;79.961;82.057
2014;3;13;79.65;81.941;78.72
2014;3;14;80.247;82.691;82.033
2014;3;15;80.051;82.874;83.431
2014;3;16;79.273;81.872;82.997
2014;3;17;78.04;81.667;81.997
2014;3;18;75.214;77.543;80.944
2014;3;19;76.416;79.724;86.408
2014;3;20;75.698;78.688;86.136
2014;3;21;76.511;79.66;86.735
2014;3;22;77.994;81.336;86.43
2014;3;23;70.66;71.829;83.351
2014;3;24;73.638;73.963;84.739
2014;3;25;81.08;80.758;80.972
2014;3;26;81.864;81.414;79.314
2014;3;27;82.79;82.426;77.094
2014;3;28;83.808;83.5;76.748
2014;3;29;83.795;83.663;77.259
2014;3;30;83.734;83.583;76.978
2014;3;31;84.605;84.725;74.656
2014;4;1;84.419;84.184;73.93
2014;4;2;84.782;85.526;75.362
2014;4;3;84.486;85.356;75.328
2014;4;4;83.977;85.482;74.315
2014;4;5;84.883;87.632;73.134
2014;4;6;83.64;86.216;73.466
2014;4;7;83.294;87.56;74.248
2014;4;8;81.977;86.929;74.75
2014;4;9;82.553;86.895;74.317
2014;4;10;81.893;87.591;73.566
2014;4;11;73.96;77.951;76.646
2014;4;12;74.563;78.695;76.828
2014;4;13;75.973;79.458;79.303
2014;4;14;84.534;86.935;76.497
2014;4;15;82.53;85.34;79.597
2014;4;16;82.811;85.714;79.64
2014;4;17;83.806;86.864;80.608
2014;4;18;85.342;87.843;78.784
2014;4;19;85.575;88.631;76.726
2014;4;20;85.218;89.071;77.785
2014;4;21;87.715;90.831;75.166
2014;4;22;87.719;90.836;75.186
2014;4;23;87.868;90.858;75.03
2014;4;24;87.864;90.909;74.628
2014;4;25;88.183;92.113;74.552
2014;4;26;88.516;91.739;73.657
2014;4;27;88.111;91.672;73.995
2014;4;28;87.078;90.493;73.981
2014;4;29;85.552;90.387;73.941
2014;4;30;85.374;90.327;74.054
2014;5;1;79.884;83.309;75.229
2014;5;2;78.041;80.623;76.091
2014;5;3;79.282;82.714;74.967
2014;5;4;77.456;79.689;76.194
2014;5;5;77.379;79.553;76.117
2014;5;6;77.759;79.914;75.754
2014;5;7;80.742;85.328;68.303
2014;5;8;80.969;84.087;76.245
2014;5;9;77.107;77.776;78.364
2014;5;10;92.607;95.368;72.408
2014;5;11;92.533;95.052;72.567
2014;5;12;94.18;95.043;72.226
2014;5;13;88.872;93.322;77.219
2014;5;14;92.533;92.785;72.77
2014;5;15;85.562;87.951;76.55
2014;5;16;77.894;79.219;78.907
2014;5;17;76.364;77.618;79.321
2014;5;18;77.877;79.454;78.827
2014;5;19;80.807;83.587;76.497
2014;5;20;79.558;82.829;78.768
2014;5;21;80.967;83.959;76.612
2014;5;22;77.72;81.09;79.446
2014;5;23;84.595;87.25;74.423
2014;5;24;84.805;88.194;75.04
2014;5;25;89.056;91.17;71.636
2014;5;26;92.383;92.516;66.431
2014;5;27;92.458;93.108;66.866
2014;5;28;93.62;93.367;65.653
2014;5;29;93.82;93.631;65.325
2014;5;30;93.901;93.711;64.837
2014;5;31;93.723;93.517;64.973
2014;6;1;93.801;93.601;64.182
2014;6;2;93.812;93.433;64.091
2014;6;3;93.627;93.29;63.732
2014;6;4;93.598;93.26;63.559
2014;6;5;93.335;92.926;63.49
2014;6;6;93.35;92.954;63.278
2014;6;7;93.647;92.919;63.622
2014;6;8;93.222;92.654;63.168
2014;6;9;93.499;92.58;63.628
2014;6;10;93.545;92.579;63.664
2014;6;11;93.472;92.411;63.581
2014;6;12;93.437;92.125;63.845
2014;6;13;92.77;91.489;63.047
2014;6;14;92.657;91.093;63.602
2014;6;15;92.772;91.216;63.784
2014;6;16;92.345;90.593;63.643
2014;6;17;92.646;91.098;63.69
2014;6;18;90.925;88.248;62.372
2014;6;19;89.049;84.99;62.199
2014;6;20;85.059;79.305;61.402
2014;6;21;85.296;79.416;61.384
2014;6;22;81.726;73.557;61.251
2014;6;23;78.106;66.408;61.586
2014;6;24;76.5;64.503;60.756
2014;6;25;76.276;64.06;60.781
2014;6;26;76.096;63.642;60.813
2014;6;27;75.998;63.695;60.822
2014;6;28;73.412;58.883;60.769
2014;6;29;72.047;58.002;59.962
2014;6;30;62.293;40.951;60.501
2014;7;1;62.239;40.884;60.501
2014;7;2;61.41;39.813;61.498
2014;7;3;62.14;40.508;60.614
2014;7;4;47.878;23.688;58.054
2014;7;5;47.379;19.294;58.35
2014;7;6;48.177;20.758;58.738
2014;7;7;45.106;19.092;54.464
2014;7;8;45.86;19.415;53.252
2014;7;9;47.031;18.78;58.392
2014;7;10;46.051;17.558;58.354
2014;7;11;46.603;18.673;58.084
2014;7;12;44.354;11.797;55.828
2014;7;13;44.562;11.588;56.803
2014;7;14;43.856;11.393;58.345
2014;7;15;44.487;10.998;57.017
2014;7;16;42.106;7.475;56.136
2014;7;17;42.52;6.943;56.079
2014;7;18;41.638;6.622;55.852
2014;7;19;41.741;6.434;55.1
2014;7;20;41.48;6.326;54.278
2014;7;21;41.595;6.251;54.565
2014;7;22;41.278;6.236;54.286
2014;7;23;40.177;6.205;53.302
2014;7;24;40.239;6.033;53.146
2014;7;25;40.367;6.031;53.079
2014;7;26;40.413;6.087;53.278
2014;7;27;39.689;6.707;51.9
2014;7;28;38.392;6.688;53.846
2014;7;29;38.685;6.59;55.562
2014;7;30;38.987;6.911;56.387
2014;7;31;37.329;7.931;57.986
2014;8;1;36.953;8.863;61.514
2014;8;2;36.489;8.84;63.823
2014;8;3;37.492;8.392;63.12
2014;8;4;36.772;8.627;63.024
2014;8;5;37.043;9.104;63.304
2014;8;6;36.324;7.733;61.72
2014;8;7;36.032;7.351;63.346
2014;8;8;35.109;6.36;54.914
2014;8;9;37.488;4.817;48.25
2014;8;10;36.606;4.684;49.27
2014;8;11;36.638;4.729;49.231
2014;8;12;36.478;4.775;48.986
2014;8;13;36.193;5.469;48.769
2014;8;14;38.817;5.387;48.816
2014;8;15;36.702;6.151;49.521
2014;8;16;37.371;6.183;49.585
2014;8;17;39.185;5.735;53.331
2014;8;18;38.944;5.564;51.877
2014;8;19;39.124;5.39;52.568
2014;8;20;38.808;5.766;53.555
2014;8;21;39.502;5.636;53.284
2014;8;22;39.456;5.177;52.442
2014;8;23;39.015;4.888;51.267
2014;8;24;39.057;5.01;51.587
2014;8;25;38.568;4.794;49.846
2014;8;26;38.702;4.721;50.05
2014;8;27;38.567;4.424;48.816
2014;8;28;38.686;4.627;48.028
2014;8;29;38.366;4.72;47.506
2014;8;30;38.279;4.75;47.204
2014;8;31;39.408;5.116;48.025
2014;9;1;39.03;4.529;47.406
2014;9;2;39.269;4.846;47.777
2014;9;3;39.082;5.106;47.261
2014;9;4;39.079;4.94;47.484
2014;9;5;39.806;5.495;47.711
2014;9;6;39.359;4.649;47.374
2014;9;7;39.352;4.657;47.095
2014;9;8;38.748;4.507;47.106
2014;9;9;38.78;4.234;47.036
2014;9;10;39.031;4.434;46.345
2014;9;11;38.221;3.983;45.955
2014;9;12;34.879;3.427;42.638
2014;9;13;35.122;3.559;42.546
2014;9;14;35.607;3.37;42.853
2014;9;15;38.716;5.106;43.893
2014;9;16;35.981;3.946;43.111
2014;9;17;39.638;8.939;44.383
2014;9;18;40.677;8.625;42.829
2014;9;19;40.456;8.291;43.171
2014;9;20;40.842;7.438;45.103
2014;9;21;40.578;7.583;44.256
2014;9;22;39.918;7.917;47.341
2014;9;23;40.729;9.489;47.736
2014;9;24;40.06;9.704;48.051
2014;9;25;39.989;9.38;47.22
2014;9;26;38.228;12.596;51.843
2014;9;27;37.381;11.681;59.064
2014;9;28;56.87;44.343;47.916
2014;9;29;56.223;46.453;55.799
2014;9;30;56.331;46.596;56.244
2014;10;1;64.329;60.781;61.212
2014;10;2;64.359;60.323;64.803
2014;10;3;64.034;60.399;53.721
2014;10;4;57.792;55.331;64.95
2014;10;5;53.35;47.151;59.69
2014;10;6;53.316;47.74;60.656
2014;10;7;52.567;46.643;60.406
2014;10;8;53.272;47.561;60.951
2014;10;9;55.203;45.433;72.098
2014;10;10;55.392;40.639;72.667
2014;10;11;58.221;45.446;72.641
2014;10;12;57.099;42.197;73.316
2014;10;13;58.397;44.148;73.493
2014;10;14;58.489;43.68;73.659
2014;10;15;57.363;42.179;73.47
2014;10;16;63.802;52.994;74.151
2014;10;17;63.341;51.58;73.442
2014;10;18;64.027;52.684;73.518
2014;10;19;63.621;53.188;75.087
2014;10;20;61.617;57.311;84.95
2014;10;21;62.261;58.45;84.72
2014;10;22;64.205;61.637;85.677
2014;10;23;63.952;62.933;82.008
2014;10;24;66.616;66.398;84.676
2014;10;25;66.687;67.216;82.358
2014;10;26;;;
2014;10;27;68.717;67.942;72.311
2014;10;28;67.693;66.984;70.09
2014;10;29;67.875;66.537;71.938
2014;10;30;70.509;68.993;75.93
2014;10;31;70.223;68.478;76.237
2014;11;1;;;
2014;11;2;;;
2014;11;3;;;
2014;11;4;;;
2014;11;5;;;
2014;11;6;;;
2014;11;7;;;
2014;11;8;;;
2014;11;9;;;
2014;11;10;;;
2014;11;11;;;
2014;11;12;;;
2014;11;13;;;
2014;11;14;;;
2014;11;15;;;
2014;11;16;;;
2014;11;17;;;
2014;11;18;;;
2014;11;19;;;
2014;11;20;;;
2014;11;21;;;
2014;11;22;;;
2014;11;23;;;
2014;11;24;;;
2014;11;25;;;
2014;11;26;;;
2014;11;27;;;
2014;11;28;;;
2014;11;29;;;
2014;11;30;;;
2014;12;1;;;
2014;12;2;;;
2014;12;3;;;
2014;12;4;;;
2014;12;5;;;
2014;12;6;;;
2014;12;7;;;
2014;12;8;;;
2014;12;9;;;
2014;12;10;;;
2014;12;11;;;
2014;12;12;;;
2014;12;13;;;
2014;12;14;;;
2014;12;15;;;
2014;12;16;;;
2014;12;17;;;
2014;12;18;;;
2014;12;19;;;
2014;12;20;;;
2014;12;21;;;
2014;12;22;;;
2014;12;23;;;
2014;12;24;;;
2014;12;25;;;
2014;12;26;;;
2014;12;27;;;
2014;12;28;;;
2014;12;29;;;
2014;12;30;;;
2014;12;31;;;
2015;1;1;;;
2015;1;2;;;
2015;1;3;;;
2015;1;4;;;
2015;1;5;;;
2015;1;6;;;
2015;1;7;;;
2015;1;8;;;
2015;1;9;;;
2015;1;10;;;
2015;1;11;;;
2015;1;12;;;
2015;1;13;;;
2015;1;14;;;
2015;1;15;;;
2015;1;16;;;
2015;1;17;;;
2015;1;18;;;
2015;1;19;;;
2015;1;20;;;
2015;1;21;;;
2015;1;22;;;
2015;1;23;;;
2015;1;24;;;
2015;1;25;;;
2015;1;26;;;
2015;1;27;;;
2015;1;28;;;
2015;1;29;;;
2015;1;30;;;
2015;1;31;;;
2015;2;1;74.225;76.697;76.75
2015;2;2;66.552;69.86;72.672
2015;2;3;67.364;70.836;72.174
2015;2;4;72.07;73.285;76.758
2015;2;5;75.563;78.013;64.999
2015;2;6;78.291;79.803;75.013
2015;2;7;76.894;78.251;72.134
2015;2;8;79.172;81.163;74.577
2015;2;9;79.455;81.326;77.219
2015;2;10;76.699;78.85;63.538
2015;2;11;77.908;80.304;81.427
2015;2;12;76.876;79.184;83.583
2015;2;13;77.308;79.529;84.809
2015;2;14;77.005;79.297;85.986
2015;2;15;76.575;79.054;83.765
2015;2;16;75.511;77.714;86.283
2015;2;17;74.992;76.823;85.115
2015;2;18;73.472;74.908;85.708
2015;2;19;73.065;74.347;84.988
2015;2;20;73.612;75.166;85.675
2015;2;21;72.282;72.52;85.707
2015;2;22;71.657;71.41;86.259
2015;2;23;65.835;65.825;80.534
2015;2;24;65.911;65.974;80.864
2015;2;25;64.664;66.157;73.483
2015;2;26;64.272;65.495;74.0
2015;2;27;65.95;68.065;72.641
2015;2;28;68.518;70.284;78.049
2015;3;1;68.609;70.484;77.605
2015;3;2;69.931;70.866;82.215
2015;3;3;72.301;73.197;85.976
2015;3;4;72.666;73.592;86.036
2015;3;5;72.305;73.314;85.649
2015;3;6;72.815;73.868;85.991
2015;3;7;73.101;74.624;84.849
2015;3;8;74.508;76.159;86.385
2015;3;9;75.347;78.161;85.662
2015;3;10;75.388;78.19;85.623
2015;3;11;77.268;80.8;87.829
2015;3;12;77.285;80.796;87.89
2015;3;13;78.798;83.176;84.977
2015;3;14;75.671;80.804;67.405
2015;3;15;79.061;82.29;78.86
2015;3;16;79.573;82.477;77.531
2015;3;17;79.562;82.259;77.434
2015;3;18;78.006;80.283;76.829
2015;3;19;78.264;80.574;76.818
2015;3;20;74.873;72.209;80.474
2015;3;21;72.883;71.676;76.487
2015;3;22;72.694;71.357;77.257
2015;3;23;72.562;71.231;77.229
2015;3;24;73.519;71.367;78.579
2015;3;25;74.691;71.645;77.088
2015;3;26;70.858;70.62;72.539
2015;3;27;70.189;70.737;72.549
2015;3;28;70.138;70.667;72.584
2015;3;29;70.038;70.303;73.247
2015;3;30;70.085;70.331;72.917
2015;3;31;69.424;70.136;74.412
2015;4;1;76.431;76.499;58.34
2015;4;2;83.075;88.381;73.402
2015;4;3;82.183;86.991;74.131
2015;4;4;83.146;88.37;70.87
2015;4;5;83.158;88.367;70.754
2015;4;6;83.764;88.871;61.696
2015;4;7;83.02;88.683;81.312
2015;4;8;82.182;87.338;81.055
2015;4;9;81.012;85.777;81.273
2015;4;10;76.363;78.074;80.201
2015;4;11;79.179;82.074;81.307
2015;4;12;75.583;76.936;81.923
2015;4;13;75.865;76.836;81.697
2015;4;14;76.031;77.13;81.643
2015;4;15;76.17;77.234;80.988
2015;4;16;79.517;81.128;81.482
2015;4;17;80.31;82.778;80.571
2015;4;18;82.827;85.728;79.564
2015;4;19;82.802;85.722;79.417
2015;4;20;83.316;86.159;79.596
2015;4;21;87.766;90.339;77.384
2015;4;22;88.803;91.154;75.716
2015;4;23;88.303;90.686;75.973
2015;4;24;89.483;91.511;68.593
2015;4;25;89.466;91.531;68.518
2015;4;26;89.154;91.126;67.46
2015;4;27;90.721;91.456;71.026
2015;4;28;68.031;67.446;71.785
2015;4;29;67.97;68.027;73.846
2015;4;30;71.405;71.356;75.418
2015;5;1;71.442;71.343;74.557
2015;5;2;72.7;72.717;75.665
2015;5;3;72.798;72.715;75.71
2015;5;4;72.773;72.626;75.252
2015;5;5;72.274;72.117;75.191
2015;5;6;72.453;72.137;76.223
2015;5;7;73.246;72.399;78.531
2015;5;8;73.995;72.514;74.897
2015;5;9;74.047;72.554;74.784
2015;5;10;73.764;72.202;74.434
2015;5;11;74.784;73.844;74.235
2015;5;12;74.59;73.555;74.352
2015;5;13;74.644;73.553;74.15
2015;5;14;76.19;75.042;75.165
2015;5;15;76.063;75.017;75.002
2015;5;16;78.31;77.412;74.118
2015;5;17;78.966;78.548;74.081
2015;5;18;79.056;78.766;74.164
2015;5;19;78.328;77.753;74.54
2015;5;20;81.192;79.591;73.936
2015;5;21;82.383;81.348;73.85
2015;5;22;81.872;80.421;73.879
2015;5;23;82.194;80.926;74.0
2015;5;24;82.355;81.19;73.936
2015;5;25;85.167;85.246;73.688
2015;5;26;84.812;85.071;73.666
2015;5;27;82.881;84.565;72.753
2015;5;28;82.876;84.62;71.749
2015;5;29;82.936;84.763;71.769
2015;5;30;82.631;84.795;71.429
2015;5;31;82.457;84.211;71.06
2015;6;1;82.588;84.481;70.6
2015;6;2;77.771;79.767;70.369
2015;6;3;78.069;80.237;70.496
2015;6;4;78.138;80.319;70.684
2015;6;5;78.67;80.611;70.42
2015;6;6;78.112;80.468;70.83
2015;6;7;78.263;80.8;70.968
2015;6;8;78.298;80.757;70.841
2015;6;9;78.468;80.65;70.478
2015;6;10;79.558;79.03;69.547
2015;6;11;80.39;79.467;67.94
2015;6;12;80.152;79.147;67.744
2015;6;13;80.733;77.947;63.935
2015;6;14;77.916;72.123;63.537
2015;6;15;78.497;72.526;63.839
2015;6;16;77.46;70.874;62.493
2015;6;17;78.037;71.082;63.055
2015;6;18;77.769;70.83;62.652
2015;6;19;77.451;66.818;62.827
2015;6;20;75.389;62.56;61.527
2015;6;21;72.343;57.003;60.795
2015;6;22;72.103;56.574;60.766
2015;6;23;72.143;56.628;60.718
2015;6;24;71.713;55.877;60.914
2015;6;25;70.329;53.246;60.065
2015;6;26;66.612;47.238;60.236
2015;6;27;66.417;46.932;60.152
2015;6;28;66.467;46.984;60.239
2015;6;29;61.019;37.595;59.04
2015;6;30;60.657;36.843;58.285
2015;7;1;59.274;34.695;56.779
2015;7;2;58.394;32.616;57.012
2015;7;3;58.541;32.822;57.018
2015;7;4;58.394;32.596;57.017
2015;7;5;58.179;32.249;57.009
2015;7;6;58.246;32.332;57.008
2015;7;7;58.484;32.755;57.011
2015;7;8;57.996;31.937;57.005
2015;7;9;58.369;32.543;57.011
2015;7;10;45.439;33.515;50.259
2015;7;11;47.168;34.153;48.978
2015;7;12;41.815;27.059;49.075
2015;7;13;41.384;28.003;45.969
2015;7;14;41.983;27.88;54.098
2015;7;15;49.015;38.132;52.712
2015;7;16;48.922;37.199;52.93
2015;7;17;48.992;38.307;53.181
2015;7;18;49.556;38.494;51.846
2015;7;19;49.91;38.403;52.884
2015;7;20;49.723;37.643;52.017
2015;7;21;50.697;23.395;62.176
2015;7;22;50.959;23.801;62.164
2015;7;23;50.79;23.596;62.313
2015;7;24;48.773;19.388;58.584
2015;7;25;48.724;18.95;60.957
2015;7;26;49.079;19.128;61.389
2015;7;27;48.634;18.772;60.916
2015;7;28;47.737;17.348;60.886
2015;7;29;47.875;16.673;60.57
2015;7;30;47.353;17.276;61.201
2015;7;31;47.566;17.154;60.768
2015;8;1;46.772;16.038;60.234
2015;8;2;46.26;15.288;60.371
2015;8;3;46.158;15.258;59.89
2015;8;4;47.741;20.686;60.92
2015;8;5;42.319;17.829;56.437
2015;8;6;42.446;8.038;57.678
2015;8;7;43.15;8.631;56.91
2015;8;8;43.217;11.702;55.846
2015;8;9;44.479;12.647;56.357
2015;8;10;44.004;12.793;57.046
2015;8;11;42.884;10.41;57.605
2015;8;12;43.864;11.329;57.45
2015;8;13;43.732;11.082;57.693
2015;8;14;43.226;10.383;56.897
2015;8;15;43.386;10.469;56.964
2015;8;16;43.031;10.122;57.006
2015;8;17;43.156;11.075;57.078
2015;8;18;42.709;11.244;56.397
2015;8;19;41.367;9.441;55.865
2015;8;20;40.561;8.896;56.134
2015;8;21;40.806;8.803;56.069
2015;8;22;40.543;8.812;55.651
2015;8;23;39.615;8.518;54.067
2015;8;24;39.72;8.514;53.722
2015;8;25;39.369;7.992;65.46
2015;8;26;40.51;7.86;65.06
2015;8;27;41.308;6.874;64.317
2015;8;28;41.587;7.077;59.819
2015;8;29;41.438;6.781;59.795
2015;8;30;41.327;6.729;59.598
2015;8;31;41.411;6.751;59.543
2015;9;1;41.405;6.384;57.274
2015;9;2;41.377;6.339;56.434
2015;9;3;41.432;6.522;57.24
2015;9;4;41.248;6.401;56.68
2015;9;5;41.537;6.421;55.664
2015;9;6;41.606;6.578;53.568
2015;9;7;41.905;7.88;53.78
2015;9;8;42.147;9.124;51.105
2015;9;9;42.098;9.291;51.138
2015;9;10;39.956;9.764;48.928
2015;9;11;40.117;11.33;48.104
2015;9;12;39.891;13.116;53.12
2015;9;13;35.114;17.91;39.792
2015;9;14;34.883;17.954;39.98
2015;9;15;36.495;11.758;43.359
2015;9;16;40.599;8.951;49.823
2015;9;17;39.207;6.687;51.598
2015;9;18;39.734;6.826;51.927
2015;9;19;39.009;6.795;50.738
2015;9;20;40.689;7.904;53.872
2015;9;21;41.097;7.551;53.8
2015;9;22;40.775;7.683;52.755
2015;9;23;40.741;7.648;52.924
2015;9;24;41.377;7.786;52.237
2015;9;25;41.53;7.961;52.911
2015;9;26;41.662;8.008;53.137
2015;9;27;40.81;8.168;50.331
2015;9;28;40.325;7.765;53.81
2015;9;29;40.958;7.946;52.479
2015;9;30;40.587;7.955;53.431
2015;10;1;38.937;7.699;48.359
2015;10;2;38.622;8.282;47.974
2015;10;3;37.915;9.012;51.976
2015;10;4;41.989;16.973;55.227
2015;10;5;49.383;30.182;69.895
2015;10;6;48.607;29.769;66.241
2015;10;7;48.599;29.181;68.239
2015;10;8;50.112;32.08;75.916
2015;10;9;52.038;35.221;82.529
2015;10;10;51.049;31.958;79.071
2015;10;11;49.659;30.513;74.351
2015;10;12;48.893;27.469;72.745
2015;10;13;49.145;27.727;74.516
2015;10;14;47.134;24.479;72.821
2015;10;15;44.114;14.534;64.17
2015;10;16;41.53;11.265;60.033
2015;10;17;41.87;9.387;61.412
2015;10;18;41.534;12.545;64.087
2015;10;19;44.995;18.728;64.184
2015;10;20;45.802;19.768;63.673
2015;10;21;49.541;34.558;66.592
2015;10;22;49.98;35.253;67.46
2015;10;23;67.037;65.637;75.813
2015;10;24;63.072;60.27;73.714
2015;10;25;68.121;67.608;75.277
2015;10;26;67.866;68.193;74.705
2015;10;27;69.216;67.665;71.026
2015;10;28;69.483;67.166;68.638
2015;10;29;68.262;63.093;67.649
2015;10;30;68.78;63.643;69.006
2015;10;31;68.657;63.409;69.457
2015;11;1;;;
2015;11;2;;;
2015;11;3;;;
2015;11;4;;;
2015;11;5;;;
2015;11;6;;;
2015;11;7;;;
2015;11;8;;;
2015;11;9;;;
2015;11;10;;;
2015;11;11;;;
2015;11;12;;;
2015;11;13;;;
2015;11;14;;;
2015;11;15;;;
2015;11;16;;;
2015;11;17;;;
2015;11;18;;;
2015;11;19;;;
2015;11;20;;;
2015;11;21;;;
2015;11;22;;;
2015;11;23;;;
2015;11;24;;;
2015;11;25;;;
2015;11;26;;;
2015;11;27;;;
2015;11;28;;;
2015;11;29;;;
2015;11;30;;;
2015;12;1;;;
2015;12;2;;;
2015;12;3;;;
2015;12;4;;;
2015;12;5;;;
2015;12;6;;;
2015;12;7;;;
2015;12;8;;;
2015;12;9;;;
2015;12;10;;;
2015;12;11;;;
2015;12;12;;;
2015;12;13;;;
2015;12;14;;;
2015;12;15;;;
2015;12;16;;;
2015;12;17;;;
2015;12;18;;;
2015;12;19;;;
2015;12;20;;;
2015;12;21;;;
2015;12;22;;;
2015;12;23;;;
2015;12;24;;;
2015;12;25;;;
2015;12;26;;;
2015;12;27;;;
2015;12;28;;;
2015;12;29;;;
2015;12;30;;;
2015;12;31;;;
2016;1;1;;;
2016;1;2;;;
2016;1;3;;;
2016;1;4;;;
2016;1;5;;;
2016;1;6;;;
2016;1;7;;;
2016;1;8;;;
2016;1;9;;;
2016;1;10;;;
2016;1;11;;;
2016;1;12;;;
2016;1;13;;;
2016;1;14;;;
2016;1;15;;;
2016;1;16;;;
2016;1;17;;;
2016;1;18;;;
2016;1;19;;;
2016;1;20;;;
2016;1;21;;;
2016;1;22;;;
2016;1;23;;;
2016;1;24;;;
2016;1;25;;;
2016;1;26;;;
2016;1;27;;;
2016;1;28;;;
2016;1;29;;;
2016;1;30;;;
2016;1;31;;;
2016;2;1;77.41;78.114;81.935
2016;2;2;68.421;67.687;80.267
2016;2;3;69.565;63.778;55.73
2016;2;4;70.065;64.227;55.394
2016;2;5;72.109;67.037;54.837
2016;2;6;71.031;65.432;54.75
2016;2;7;68.517;66.656;79.877
2016;2;8;67.962;66.469;79.714
2016;2;9;69.622;67.843;80.421
2016;2;10;69.646;67.847;80.013
2016;2;11;67.318;66.049;84.537
2016;2;12;70.05;68.506;81.962
2016;2;13;68.322;67.62;84.59
2016;2;14;68.014;68.883;84.87
2016;2;15;69.799;69.595;84.503
2016;2;16;69.829;69.587;84.648
2016;2;17;70.541;70.126;84.785
2016;2;18;64.154;64.319;84.815
2016;2;19;;;
2016;2;20;;;
2016;2;21;;;
2016;2;22;;;
2016;2;23;;;
2016;2;24;;;
2016;2;25;;;
2016;2;26;;;
2016;2;27;;;
2016;2;28;;;
2016;2;29;73.349;72.443;87.759
2016;3;1;73.634;72.829;87.697
2016;3;2;73.626;72.817;87.691
2016;3;3;73.243;72.14;87.688
2016;3;4;77.718;76.364;87.115
2016;3;5;77.741;76.458;87.032
2016;3;6;80.247;76.792;84.246
2016;3;7;79.105;76.137;83.681
2016;3;8;77.567;76.169;83.402
2016;3;9;79.813;78.249;81.666
2016;3;10;80.163;79.56;79.427
2016;3;11;86.784;87.939;78.402
2016;3;12;90.034;90.842;79.764
2016;3;13;90.935;91.734;80.879
2016;3;14;91.857;92.123;78.719
2016;3;15;92.739;92.689;77.218
2016;3;16;92.96;92.982;76.646
2016;3;17;92.421;92.343;78.341
2016;3;18;92.672;92.595;78.307
2016;3;19;93.11;92.976;75.69
2016;3;20;92.905;92.874;78.016
2016;3;21;92.85;92.855;77.535
2016;3;22;92.323;92.234;79.181
2016;3;23;89.278;90.438;73.08
2016;3;24;80.979;76.69;69.826
2016;3;25;72.714;73.649;79.395
2016;3;26;73.711;74.539;81.859
2016;3;27;73.769;74.571;81.791
2016;3;28;73.743;74.563;81.794
2016;3;29;74.053;74.534;83.581
2016;3;30;74.559;75.515;81.94
2016;3;31;76.3;75.627;83.518
2016;4;1;74.94;75.677;82.615
2016;4;2;74.539;74.966;83.378
2016;4;3;74.48;74.886;83.432
2016;4;4;75.243;76.022;83.216
2016;4;5;77.413;77.227;82.3
2016;4;6;75.457;75.634;78.37
2016;4;7;76.635;74.88;80.749
2016;4;8;79.871;78.042;78.227
2016;4;9;81.622;80.996;78.181
2016;4;10;79.567;78.389;77.389
2016;4;11;83.056;83.375;78.816
2016;4;12;83.436;83.071;79.213
2016;4;13;84.558;84.749;75.37
2016;4;14;84.958;85.65;76.623
2016;4;15;82.942;83.091;77.035
2016;4;16;83.619;83.736;75.382
2016;4;17;83.27;83.219;75.241
2016;4;18;80.922;83.702;71.512
2016;4;19;80.205;84.328;76.699
2016;4;20;80.145;83.84;77.894
2016;4;21;80.967;84.514;77.12
2016;4;22;81.429;85.213;77.657
2016;4;23;82.497;86.971;77.658
2016;4;24;83.683;87.569;77.273
2016;4;25;83.774;87.808;78.144
2016;4;26;84.705;88.124;76.257
2016;4;27;85.921;89.021;77.785
2016;4;28;85.952;89.047;77.67
2016;4;29;86.102;89.336;77.659
2016;4;30;84.47;88.076;79.2
2016;5;1;71.799;71.031;69.106
2016;5;2;72.826;74.475;68.001
2016;5;3;73.68;75.177;73.057
2016;5;4;83.496;84.274;77.306
2016;5;5;86.355;88.756;75.578
2016;5;6;88.255;90.868;75.346
2016;5;7;88.121;90.624;75.671
2016;5;8;88.019;90.725;75.759
2016;5;9;88.773;91.014;75.195
2016;5;10;90.3;92.055;73.891
2016;5;11;91.28;92.491;73.423
2016;5;12;90.87;92.213;73.572
2016;5;13;90.926;92.328;73.561
2016;5;14;91.539;92.618;72.9
2016;5;15;92.736;93.181;70.742
2016;5;16;92.756;93.103;70.249
2016;5;17;89.975;89.266;69.438
2016;5;18;90.659;91.141;70.591
2016;5;19;90.2;91.422;70.809
2016;5;20;86.253;88.682;71.479
2016;5;21;80.89;83.107;74.479
2016;5;22;80.916;83.146;74.475
2016;5;23;85.797;89.077;72.526
2016;5;24;91.739;91.461;67.828
2016;5;25;92.61;91.663;66.29
2016;5;26;92.571;91.632;66.232
2016;5;27;92.837;91.398;64.848
2016;5;28;92.804;91.401;64.12
2016;5;29;92.582;91.059;63.723
2016;5;30;92.635;90.819;63.181
2016;5;31;92.295;90.343;63.257
2016;6;1;92.169;90.118;63.315
2016;6;2;92.01;90.052;63.167
2016;6;3;91.71;89.524;62.683
2016;6;4;91.477;89.075;61.972
2016;6;5;90.543;87.607;61.997
2016;6;6;90.371;87.37;61.854
2016;6;7;89.634;86.528;61.406
2016;6;8;89.488;85.988;60.665
2016;6;9;87.799;83.478;60.304
2016;6;10;85.393;79.724;60.59
2016;6;11;82.122;74.654;59.751
2016;6;12;77.077;66.37;59.546
2016;6;13;76.579;65.071;59.511
2016;6;14;76.252;64.506;59.53
2016;6;15;75.976;63.686;59.919
2016;6;16;75.893;64.099;58.952
2016;6;17;68.744;52.636;58.172
2016;6;18;62.334;41.294;58.368
2016;6;19;53.215;26.752;56.459
2016;6;20;53.129;26.636;56.543
2016;6;21;52.861;26.494;55.621
2016;6;22;48.268;17.99;54.63
2016;6;23;48.74;18.558;54.538
2016;6;24;46.852;15.313;54.22
2016;6;25;46.735;15.403;54.261
2016;6;26;46.492;15.077;54.325
2016;6;27;45.781;13.907;53.952
2016;6;28;46.307;14.982;53.946
2016;6;29;44.207;12.146;53.679
2016;6;30;41.14;8.482;55.999
2016;7;1;41.174;8.342;56.908
2016;7;2;41.239;8.104;57.052
2016;7;3;44.304;9.145;57.894
2016;7;4;44.432;9.238;57.951
2016;7;5;44.438;9.021;58.039
2016;7;6;44.445;9.58;58.274
2016;7;7;44.476;9.299;58.103
2016;7;8;44.326;9.032;57.938
2016;7;9;40.035;5.619;56.132
2016;7;10;40.184;5.683;56.282
2016;7;11;40.405;5.398;56.678
2016;7;12;38.821;3.947;50.499
2016;7;13;40.515;5.01;52.15
2016;7;14;41.0;5.324;52.524
2016;7;15;40.418;5.196;52.207
2016;7;16;40.395;5.173;52.212
2016;7;17;40.912;4.96;51.88
2016;7;18;40.281;4.973;51.854
2016;7;19;40.443;5.169;52.037
2016;7;20;39.319;5.072;50.408
2016;7;21;39.259;5.058;50.56
2016;7;22;39.297;4.988;50.416
2016;7;23;39.725;5.437;50.608
2016;7;24;37.357;7.698;46.655
2016;7;25;36.948;14.909;41.517
2016;7;26;37.103;14.798;46.792
2016;7;27;38.546;13.344;49.545
2016;7;28;35.734;10.672;48.919
2016;7;29;33.815;9.276;48.788
2016;7;30;34.53;7.28;48.367
2016;7;31;34.781;7.476;48.713
2016;8;1;38.797;5.094;49.326
2016;8;2;38.034;4.075;49.013
2016;8;3;37.285;4.211;49.299
2016;8;4;37.667;4.211;49.054
2016;8;5;37.931;3.938;48.789
2016;8;6;38.368;3.495;49.183
2016;8;7;38.172;3.943;47.913
2016;8;8;38.348;3.673;47.815
2016;8;9;38.441;3.682;47.458
2016;8;10;38.692;3.393;47.063
2016;8;11;38.253;3.239;46.693
2016;8;12;36.874;3.591;45.56
2016;8;13;38.456;3.424;44.651
2016;8;14;37.762;3.558;43.922
2016;8;15;36.602;3.491;44.38
2016;8;16;37.525;3.495;42.631
2016;8;17;37.735;3.513;42.534
2016;8;18;37.927;3.479;42.475
2016;8;19;35.418;3.336;41.798
2016;8;20;35.213;3.302;41.994
2016;8;21;37.052;3.475;41.585
2016;8;22;36.314;3.552;41.347
2016;8;23;36.164;3.547;41.243
2016;8;24;36.657;3.881;42.251
2016;8;25;36.923;3.8;42.561
2016;8;26;36.915;3.841;42.899
2016;8;27;38.534;10.251;48.393
2016;8;28;42.35;16.225;55.152
2016;8;29;39.123;10.039;55.164
2016;8;30;42.892;17.141;62.864
2016;8;31;41.634;15.177;62.093
2016;9;1;46.532;24.21;69.815
2016;9;2;41.65;15.343;65.177
2016;9;3;41.987;16.337;66.148
2016;9;4;44.191;21.699;74.644
2016;9;5;43.148;20.373;72.033
2016;9;6;43.241;21.061;70.919
2016;9;7;36.875;11.935;59.049
2016;9;8;31.417;10.433;40.825
2016;9;9;30.522;9.452;38.061
2016;9;10;30.697;9.101;37.558
2016;9;11;31.657;8.853;38.743
2016;9;12;30.833;9.005;38.326
2016;9;13;33.291;12.831;38.045
2016;9;14;30.797;7.51;38.812
2016;9;15;30.119;7.566;39.819
2016;9;16;30.328;7.148;40.377
2016;9;17;30.658;8.616;39.266
2016;9;18;31.213;7.544;41.535
2016;9;19;31.954;7.395;43.552
2016;9;20;31.434;8.384;43.824
2016;9;21;34.919;9.712;50.967
2016;9;22;35.969;10.696;55.077
2016;9;23;36.68;9.657;65.61
2016;9;24;37.993;9.388;70.381
2016;9;25;39.669;10.403;73.12
2016;9;26;41.484;13.182;74.596
2016;9;27;39.765;12.62;75.906
2016;9;28;41.008;12.225;74.672
2016;9;29;42.069;14.069;75.06
2016;9;30;42.019;14.007;75.07
2016;10;1;42.819;16.294;75.601
2016;10;2;41.308;14.674;72.813
2016;10;3;40.95;13.834;69.947
2016;10;4;45.38;24.933;64.64
2016;10;5;43.164;17.878;61.081
2016;10;6;42.56;17.46;60.263
2016;10;7;38.006;9.9;52.288
2016;10;8;38.199;10.162;51.785
2016;10;9;34.819;9.187;49.695
2016;10;10;36.265;9.068;47.088
2016;10;11;33.115;8.6;47.362
2016;10;12;33.695;8.404;47.49
2016;10;13;34.765;9.461;45.083
2016;10;14;32.745;9.161;45.7
2016;10;15;31.947;8.678;46.16
2016;10;16;28.752;12.349;45.001
2016;10;17;29.276;12.723;44.977
2016;10;18;28.754;12.028;45.337
2016;10;19;30.967;12.793;47.328
2016;10;20;33.106;16.36;46.507
2016;10;21;34.093;18.856;48.196
2016;10;22;36.022;12.651;58.331
2016;10;23;39.434;9.79;66.907
2016;10;24;37.374;9.854;63.636
2016;10;25;40.18;9.926;65.132
2016;10;26;40.624;10.623;65.197
2016;10;27;41.003;10.239;66.45
2016;10;28;40.117;9.524;65.596
2016;10;29;39.823;10.084;64.615
2016;10;30;39.831;10.313;64.603
2016;10;31;41.622;13.512;68.847
2016;11;1;;;
2016;11;2;;;
2016;11;3;;;
2016;11;4;;;
2016;11;5;;;
2016;11;6;;;
2016;11;7;;;
2016;11;8;;;
2016;11;9;;;
2016;11;10;;;
2016;11;11;;;
2016;11;12;;;
2016;11;13;;;
2016;11;14;;;
2016;11;15;;;
2016;11;16;;;
2016;11;17;;;
2016;11;18;;;
2016;11;19;;;
2016;11;20;;;
2016;11;21;;;
2016;11;22;;;
2016;11;23;;;
2016;11;24;;;
2016;11;25;;;
2016;11;26;;;
2016;11;27;;;
2016;11;28;;;
2016;11;29;;;
2016;11;30;;;
2016;12;1;;;
2016;12;2;;;
2016;12;3;;;
2016;12;4;;;
2016;12;5;;;
2016;12;6;;;
2016;12;7;;;
2016;12;8;;;
2016;12;9;;;
2016;12;10;;;
2016;12;11;;;
2016;12;12;;;
2016;12;13;;;
2016;12;14;;;
2016;12;15;;;
2016;12;16;;;
2016;12;17;;;
2016;12;18;;;
2016;12;19;;;
2016;12;20;;;
2016;12;21;;;
2016;12;22;;;
2016;12;23;;;
2016;12;24;;;
2016;12;25;;;
2016;12;26;;;
2016;12;27;;;
2016;12;28;;;
2016;12;29;;;
2016;12;30;;;
2016;12;31;;;
2017;1;1;;;
2017;1;2;;;
2017;1;3;;;
2017;1;4;;;
2017;1;5;;;
2017;1;6;;;
2017;1;7;;;
2017;1;8;;;
2017;1;9;;;
2017;1;10;;;
2017;1;11;;;
2017;1;12;;;
2017;1;13;;;
2017;1;14;;;
2017;1;15;;;
2017;1;16;;;
2017;1;17;;;
2017;1;18;;;
2017;1;19;;;
2017;1;20;;;
2017;1;21;;;
2017;1;22;;;
2017;1;23;;;
2017;1;24;;;
2017;1;25;;;
2017;1;26;;;
2017;1;27;;;
2017;1;28;;;
2017;1;29;;;
2017;1;30;;;
2017;1;31;;;
2017;2;1;68.596;70.589;78.079
2017;2;2;70.319;73.23;77.856
2017;2;3;68.394;70.788;78.257
2017;2;4;69.29;71.55;75.316
2017;2;5;68.777;71.046;79.951
2017;2;6;70.579;73.535;84.881
2017;2;7;70.516;71.836;83.751
2017;2;8;79.408;83.2;79.248
2017;2;9;78.063;81.922;72.14
2017;2;10;77.379;80.806;75.576
2017;2;11;77.438;79.445;76.719
2017;2;12;76.411;78.855;74.788
2017;2;13;81.563;86.672;73.396
2017;2;14;76.386;79.58;73.468
2017;2;15;76.919;79.781;76.22
2017;2;16;75.173;76.668;75.502
2017;2;17;73.067;74.478;72.229
2017;2;18;72.936;74.299;72.176
2017;2;19;65.047;62.863;70.879
2017;2;20;71.58;72.472;87.064
2017;2;21;72.189;73.547;87.105
2017;2;22;77.329;82.68;86.271
2017;2;23;75.495;80.131;84.692
2017;2;24;75.349;80.01;84.688
2017;2;25;78.877;84.41;88.052
2017;2;26;79.928;84.724;85.197
2017;2;27;78.89;84.475;82.835
2017;2;28;77.677;81.52;83.977
2017;3;1;77.578;82.272;82.476
2017;3;2;77.68;82.504;82.516
2017;3;3;69.864;68.573;79.564
2017;3;4;71.615;73.643;79.85
2017;3;5;71.988;73.726;81.158
2017;3;6;72.993;76.099;77.857
2017;3;7;73.877;76.903;81.023
2017;3;8;72.352;74.788;83.094
2017;3;9;71.645;75.116;81.862
2017;3;10;71.074;74.366;81.951
2017;3;11;71.887;75.711;81.614
2017;3;12;71.758;74.536;85.428
2017;3;13;71.856;74.231;86.358
2017;3;14;72.644;75.806;84.229
2017;3;15;71.937;74.544;84.303
2017;3;16;72.206;74.537;85.106
2017;3;17;70.376;72.324;80.451
2017;3;18;70.013;71.717;80.311
2017;3;19;64.579;68.314;48.696
2017;3;20;64.093;67.911;49.809
2017;3;21;87.752;89.29;69.281
2017;3;22;84.96;87.762;64.946
2017;3;23;85.34;86.343;68.143
2017;3;24;86.871;88.885;68.151
2017;3;25;86.772;88.974;68.796
2017;3;26;87.828;89.334;69.147
2017;3;27;85.747;87.639;69.625
2017;3;28;87.233;88.603;69.897
2017;3;29;87.883;90.412;70.056
2017;3;30;87.639;90.413;70.323
2017;3;31;86.337;88.425;70.193
2017;4;1;81.027;83.594;70.684
2017;4;2;73.928;78.434;63.362
2017;4;3;86.751;91.52;71.999
2017;4;4;86.935;91.31;72.047
2017;4;5;80.009;81.205;72.523
2017;4;6;79.83;79.616;72.316
2017;4;7;79.969;79.706;72.613
2017;4;8;86.756;90.427;71.977
2017;4;9;78.859;78.171;72.616
2017;4;10;76.198;76.195;75.808
2017;4;11;78.341;77.02;72.031
2017;4;12;78.426;77.031;71.92
2017;4;13;78.441;77.122;71.901
2017;4;14;73.835;75.391;80.916
2017;4;15;77.502;76.398;76.957
2017;4;16;79.106;78.141;75.763
2017;4;17;79.046;78.02;75.87
2017;4;18;78.933;77.816;75.858
2017;4;19;79.001;77.968;76.844
2017;4;20;79.553;78.606;74.976
2017;4;21;82.365;83.309;75.063
2017;4;22;84.018;85.884;74.41
2017;4;23;84.065;85.804;74.44
2017;4;24;84.208;86.105;74.553
2017;4;25;84.037;85.751;72.682
2017;4;26;82.767;86.255;69.51
2017;4;27;82.158;84.673;69.05
2017;4;28;88.652;87.266;68.571
2017;4;29;91.034;89.616;63.166
2017;4;30;90.167;88.02;62.255
2017;5;1;90.12;87.851;62.429
2017;5;2;89.875;86.663;62.729
2017;5;3;89.594;85.978;62.289
2017;5;4;89.772;86.295;61.822
2017;5;5;89.425;85.641;62.138
2017;5;6;89.503;85.689;62.023
2017;5;7;89.393;85.37;62.343
2017;5;8;89.17;84.971;61.7
2017;5;9;89.624;85.762;61.386
2017;5;10;88.74;84.156;61.355
2017;5;11;87.901;82.779;59.932
2017;5;12;87.243;81.672;59.222
2017;5;13;88.466;83.532;59.721
2017;5;14;78.788;75.833;72.533
2017;5;15;77.795;72.423;67.191
2017;5;16;78.75;72.863;68.952
2017;5;17;78.682;72.92;69.004
2017;5;18;78.424;72.626;68.618
2017;5;19;78.406;73.114;72.216
2017;5;20;79.064;71.804;68.511
2017;5;21;76.861;68.23;67.984
2017;5;22;71.911;58.88;66.268
2017;5;23;68.881;53.615;65.806
2017;5;24;68.795;53.459;65.477
2017;5;25;66.024;48.125;60.814
2017;5;26;62.435;42.118;60.163
2017;5;27;62.774;41.938;59.505
2017;5;28;62.31;41.673;59.794
2017;5;29;61.981;41.364;59.785
2017;5;30;60.939;39.862;59.313
2017;5;31;60.199;38.789;60.712
2017;6;1;60.699;39.635;59.091
2017;6;2;55.907;37.051;64.382
2017;6;3;54.254;35.304;63.736
2017;6;4;54.888;35.293;65.315
2017;6;5;55.075;34.725;65.332
2017;6;6;49.562;32.18;59.941
2017;6;7;53.682;32.488;59.956
2017;6;8;53.463;32.038;59.917
2017;6;9;54.048;29.804;62.795
2017;6;10;53.612;29.329;63.607
2017;6;11;51.418;25.471;60.61
2017;6;12;51.647;25.52;61.116
2017;6;13;51.46;25.297;60.262
2017;6;14;50.913;24.621;60.148
2017;6;15;50.895;24.759;60.715
2017;6;16;49.599;22.994;59.29
2017;6;17;44.584;13.444;61.478
2017;6;18;43.674;13.214;60.866
2017;6;19;43.596;13.363;60.395
2017;6;20;42.963;12.951;60.863
2017;6;21;40.813;9.8;61.544
2017;6;22;40.95;8.54;62.137
2017;6;23;40.966;7.922;61.278
2017;6;24;41.656;7.381;60.658
2017;6;25;42.117;7.579;60.431
2017;6;26;41.608;7.299;60.619
2017;6;27;42.77;7.381;60.645
2017;6;28;42.387;7.234;60.019
2017;6;29;42.693;6.881;59.555
2017;6;30;42.676;6.974;59.549
2017;7;1;42.359;6.659;59.619
2017;7;2;41.284;5.436;57.694
2017;7;3;40.578;5.144;55.726
2017;7;4;41.096;5.243;55.296
2017;7;5;40.458;5.382;54.026
2017;7;6;39.05;5.332;54.074
2017;7;7;40.828;5.154;53.865
2017;7;8;39.45;6.23;54.132
2017;7;9;38.739;5.159;53.659
2017;7;10;38.909;5.613;52.631
2017;7;11;39.023;5.679;52.727
2017;7;12;39.865;6.0;52.421
2017;7;13;43.078;10.771;51.966
2017;7;14;42.044;8.841;51.946
2017;7;15;42.372;7.942;52.149
2017;7;16;42.255;9.028;51.393
2017;7;17;38.315;5.903;49.898
2017;7;18;38.018;3.759;47.972
2017;7;19;39.247;3.2;47.66
2017;7;20;38.975;2.916;46.884
2017;7;21;38.606;2.606;46.929
2017;7;22;38.708;2.534;46.787
2017;7;23;39.17;2.895;46.545
2017;7;24;38.794;2.512;46.863
2017;7;25;38.699;2.497;46.497
2017;7;26;38.887;2.644;47.052
2017;7;27;38.435;2.547;46.252
2017;7;28;38.457;2.408;46.537
2017;7;29;38.135;2.319;47.434
2017;7;30;37.934;2.519;46.845
2017;7;31;36.43;2.703;48.078
2017;8;1;35.881;4.783;45.878
2017;8;2;37.915;4.529;47.236
2017;8;3;37.025;4.249;46.382
2017;8;4;36.312;4.338;46.537
2017;8;5;35.957;3.779;46.29
2017;8;6;37.435;3.857;46.427
2017;8;7;37.359;3.455;47.259
2017;8;8;37.754;4.405;46.62
2017;8;9;36.496;3.871;46.036
2017;8;10;36.424;3.782;45.879
2017;8;11;36.501;3.731;45.857
2017;8;12;37.911;4.879;47.576
2017;8;13;33.727;5.207;46.231
2017;8;14;32.976;5.904;42.835
2017;8;15;34.039;5.284;43.937
2017;8;16;36.409;5.898;41.799
2017;8;17;37.422;5.384;42.681
2017;8;18;38.226;3.98;42.91
2017;8;19;38.121;4.005;42.999
2017;8;20;38.119;3.544;43.338
2017;8;21;37.953;3.43;43.133
2017;8;22;37.888;3.296;43.266
2017;8;23;37.775;3.101;43.325
2017;8;24;37.831;3.226;43.29
2017;8;25;38.052;3.134;43.363
2017;8;26;38.256;3.384;43.183
2017;8;27;37.952;2.876;43.451
2017;8;28;37.63;2.912;43.489
2017;8;29;38.358;3.341;42.545
2017;8;30;38.338;2.864;41.532
2017;8;31;36.294;2.435;40.915
2017;9;1;37.886;2.296;38.033
2017;9;2;35.759;2.601;39.919
2017;9;3;35.757;2.568;39.675
2017;9;4;37.648;2.778;41.001
2017;9;5;36.437;3.094;38.038
2017;9;6;36.125;3.12;38.269
2017;9;7;38.485;6.6;43.537
2017;9;8;36.359;7.28;38.983
2017;9;9;38.486;6.703;42.547
2017;9;10;36.46;7.589;39.428
2017;9;11;36.85;7.691;38.661
2017;9;12;34.971;4.916;33.811
2017;9;13;35.273;3.621;32.763
2017;9;14;35.312;3.512;33.67
2017;9;15;34.174;4.216;31.113
2017;9;16;33.762;4.446;31.643
2017;9;17;32.621;3.955;32.391
2017;9;18;34.545;4.337;33.242
2017;9;19;32.573;4.486;33.157
2017;9;20;33.974;4.769;32.946
2017;9;21;31.562;4.448;34.114
2017;9;22;31.018;4.501;34.612
2017;9;23;31.846;7.672;35.808
2017;9;24;38.418;24.191;33.547
2017;9;25;39.337;25.076;36.395
2017;9;26;40.115;28.34;40.016
2017;9;27;39.64;27.891;35.786
2017;9;28;38.446;26.312;31.9
2017;9;29;41.588;31.667;32.867
2017;9;30;43.852;35.78;38.639
2017;10;1;44.523;37.158;37.874
2017;10;2;45.391;36.722;40.217
2017;10;3;47.295;39.754;40.11
2017;10;4;48.872;40.831;45.607
2017;10;5;52.991;46.685;48.851
2017;10;6;52.706;45.81;50.76
2017;10;7;57.676;50.351;65.898
2017;10;8;59.897;54.533;62.896
2017;10;9;59.678;54.045;63.046
2017;10;10;64.816;59.511;77.717
2017;10;11;67.789;61.712;84.727
2017;10;12;67.082;60.686;85.033
2017;10;13;67.615;61.949;84.832
2017;10;14;67.66;61.996;84.99
2017;10;15;68.559;61.908;86.775
2017;10;16;70.308;63.327;85.315
2017;10;17;67.132;60.201;85.62
2017;10;18;66.958;60.237;83.968
2017;10;19;66.626;59.815;84.059
2017;10;20;65.924;58.899;82.323
2017;10;21;59.89;48.386;83.863
2017;10;22;49.396;33.858;74.926
2017;10;23;46.204;28.366;72.259
2017;10;24;46.48;28.451;72.69
2017;10;25;46.68;28.929;72.576
2017;10;26;46.057;27.439;75.529
2017;10;27;45.779;29.249;56.45
2017;10;28;44.651;25.122;69.235
2017;10;29;43.879;23.66;70.571
2017;10;30;45.107;25.711;69.206
2017;10;31;44.914;25.483;70.834
2017;11;1;;;
2017;11;2;;;
2017;11;3;;;
2017;11;4;;;
2017;11;5;;;
2017;11;6;;;
2017;11;7;;;
2017;11;8;;;
2017;11;9;;;
2017;11;10;;;
2017;11;11;;;
2017;11;12;;;
2017;11;13;;;
2017;11;14;;;
2017;11;15;;;
2017;11;16;;;
2017;11;17;;;
2017;11;18;;;
2017;11;19;;;
2017;11;20;;;
2017;11;21;;;
2017;11;22;;;
2017;11;23;;;
2017;11;24;;;
2017;11;25;;;
2017;11;26;;;
2017;11;27;;;
2017;11;28;;;
2017;11;29;;;
2017;11;30;;;
2017;12;1;;;
2017;12;2;;;
2017;12;3;;;
2017;12;4;;;
2017;12;5;;;
2017;12;6;;;
2017;12;7;;;
2017;12;8;;;
2017;12;9;;;
2017;12;10;;;
2017;12;11;;;
2017;12;12;;;
2017;12;13;;;
2017;12;14;;;
2017;12;15;;;
2017;12;16;;;
2017;12;17;;;
2017;12;18;;;
2017;12;19;;;
2017;12;20;;;
2017;12;21;;;
2017;12;22;;;
2017;12;23;;;
2017;12;24;;;
2017;12;25;;;
2017;12;26;;;
2017;12;27;;;
2017;12;28;;;
2017;12;29;;;
2017;12;30;;;
2017;12;31;;;
2018;1;1;;;
2018;1;2;;;
2018;1;3;;;
2018;1;4;;;
2018;1;5;;;
2018;1;6;;;
2018;1;7;;;
2018;1;8;;;
2018;1;9;;;
2018;1;10;;;
2018;1;11;;;
2018;1;12;;;
2018;1;13;;;
2018;1;14;;;
2018;1;15;;;
2018;1;16;;;
2018;1;17;;;
2018;1;18;;;
2018;1;19;;;
2018;1;20;;;
2018;1;21;;;
2018;1;22;;;
2018;1;23;;;
2018;1;24;;;
2018;1;25;;;
2018;1;26;;;
2018;1;27;;;
2018;1;28;;;
2018;1;29;;;
2018;1;30;;;
2018;1;31;;;
2018;2;1;74.075;74.395;86.829
2018;2;2;72.642;73.653;86.25
2018;2;3;73.361;72.843;86.748
2018;2;4;72.865;72.288;85.894
2018;2;5;72.799;72.857;85.763
2018;2;6;71.506;71.819;85.791
2018;2;7;71.792;71.754;85.883
2018;2;8;72.011;71.708;85.829
2018;2;9;71.099;70.897;85.042
2018;2;10;70.615;70.503;85.117
2018;2;11;69.726;69.848;85.105
2018;2;12;70.619;70.605;84.803
2018;2;13;70.151;69.951;83.71
2018;2;14;69.869;69.87;84.035
2018;2;15;70.829;71.118;83.875
2018;2;16;70.68;70.965;83.669
2018;2;17;71.329;71.535;81.849
2018;2;18;70.321;70.522;79.423
2018;2;19;70.804;70.953;79.283
2018;2;20;72.061;72.436;81.731
2018;2;21;70.512;71.144;82.343
2018;2;22;74.561;75.995;82.72
2018;2;23;76.318;77.91;83.477
2018;2;24;77.661;78.631;84.64
2018;2;25;76.836;77.651;86.49
2018;2;26;77.59;79.267;80.923
2018;2;27;79.32;81.085;82.065
2018;2;28;76.898;77.285;80.772
2018;3;1;77.213;77.289;81.1
2018;3;2;80.758;82.068;82.652
2018;3;3;76.594;75.471;82.828
2018;3;4;76.445;75.137;82.541
2018;3;5;62.586;65.635;62.851
2018;3;6;63.021;65.775;62.646
2018;3;7;64.734;66.866;68.467
2018;3;8;64.555;66.833;68.698
2018;3;9;63.616;65.346;68.492
2018;3;10;64.774;66.796;68.645
2018;3;11;68.366;70.892;58.674
2018;3;12;74.977;78.916;74.527
2018;3;13;78.102;82.413;79.642
2018;3;14;78.663;82.859;80.465
2018;3;15;78.368;82.659;78.493
2018;3;16;77.631;81.661;76.775
2018;3;17;78.57;82.53;79.237
2018;3;18;79.262;82.42;80.997
2018;3;19;80.169;82.756;81.056
2018;3;20;80.246;82.53;80.644
2018;3;21;80.243;82.496;80.672
2018;3;22;80.449;82.548;80.553
2018;3;23;81.088;83.072;80.785
2018;3;24;82.375;83.964;80.635
2018;3;25;80.86;82.208;81.184
2018;3;26;81.754;83.343;81.011
2018;3;27;80.653;82.099;81.968
2018;3;28;82.153;83.862;83.616
2018;3;29;80.478;81.444;81.577
2018;3;30;77.018;77.368;82.086
2018;3;31;69.5;70.905;84.987
2018;4;1;70.578;72.031;85.748
2018;4;2;73.044;74.659;84.068
2018;4;3;73.368;74.647;85.38
2018;4;4;73.496;74.92;85.285
2018;4;5;73.361;74.778;85.125
2018;4;6;73.457;75.09;85.122
2018;4;7;74.529;76.119;84.277
2018;4;8;74.46;76.12;85.254
2018;4;9;74.458;76.177;84.976
2018;4;10;74.37;76.067;84.814
2018;4;11;74.469;76.259;85.092
2018;4;12;74.919;76.658;84.57
2018;4;13;75.176;77.243;85.087
2018;4;14;77.567;80.079;75.411
2018;4;15;82.893;84.214;72.842
2018;4;16;84.49;86.046;72.486
2018;4;17;87.855;89.655;70.915
2018;4;18;85.94;87.336;69.579
2018;4;19;87.391;90.716;71.85
2018;4;20;89.822;91.71;70.632
2018;4;21;88.923;91.39;70.973
2018;4;22;88.986;91.412;70.957
2018;4;23;87.314;89.163;71.019
2018;4;24;90.581;91.733;70.646
2018;4;25;90.712;91.955;70.358
2018;4;26;74.892;78.088;78.644
2018;4;27;74.906;78.077;78.318
2018;4;28;74.036;76.476;80.184
2018;4;29;72.834;75.029;79.604
2018;4;30;72.069;73.785;78.603
2018;5;1;73.473;75.801;78.487
2018;5;2;73.276;75.411;78.207
2018;5;3;72.714;74.711;79.27
2018;5;4;72.92;75.287;77.761
2018;5;5;73.229;75.216;77.893
2018;5;6;74.108;76.415;78.063
2018;5;7;73.64;75.65;77.303
2018;5;8;73.549;75.614;77.752
2018;5;9;74.795;77.259;73.868
2018;5;10;77.191;79.869;73.485
2018;5;11;76.74;79.36;76.32
2018;5;12;82.025;83.605;76.712
2018;5;13;90.456;90.831;67.178
2018;5;14;89.492;89.638;66.853
2018;5;15;87.482;89.125;69.879
2018;5;16;87.88;89.179;67.862
2018;5;17;88.056;89.536;67.864
2018;5;18;89.59;90.785;67.025
2018;5;19;86.332;89.42;70.552
2018;5;20;85.683;87.349;69.696
2018;5;21;86.174;87.661;68.399
2018;5;22;87.228;87.786;66.395
2018;5;23;88.19;87.181;65.241
2018;5;24;83.289;82.992;66.113
2018;5;25;85.153;81.36;63.728
2018;5;26;82.46;74.187;62.719
2018;5;27;80.529;70.599;62.118
2018;5;28;80.057;69.84;61.978
2018;5;29;79.76;69.415;61.298
2018;5;30;78.51;67.291;60.702
2018;5;31;71.954;55.746;60.206
2018;6;1;67.863;48.818;58.82
2018;6;2;61.624;38.243;57.456
2018;6;3;60.091;35.615;57.118
2018;6;4;59.312;34.316;57.015
2018;6;5;55.172;27.549;56.303
2018;6;6;52.212;22.918;55.774
2018;6;7;48.79;17.143;55.486
2018;6;8;49.162;18.132;55.493
2018;6;9;48.984;18.054;55.381
2018;6;10;48.872;17.522;55.183
2018;6;11;47.969;16.673;55.072
2018;6;12;45.955;14.442;55.993
2018;6;13;45.89;18.044;55.836
2018;6;14;45.742;18.011;55.832
2018;6;15;41.568;17.398;65.751
2018;6;16;43.554;19.816;65.718
2018;6;17;40.817;13.73;65.143
2018;6;18;38.861;12.857;67.335
2018;6;19;39.141;14.263;63.828
2018;6;20;39.287;14.599;65.688
2018;6;21;38.401;13.606;63.521
2018;6;22;38.478;12.661;63.379
2018;6;23;37.454;11.739;55.14
2018;6;24;36.636;10.142;55.619
2018;6;25;37.129;9.733;57.402
2018;6;26;40.23;7.961;49.559
2018;6;27;40.76;5.707;49.95
2018;6;28;40.367;5.873;48.741
2018;6;29;39.997;5.344;50.168
2018;6;30;39.962;5.204;49.887
2018;7;1;40.215;4.771;52.208
2018;7;2;40.23;4.307;51.139
2018;7;3;40.199;4.739;51.999
2018;7;4;39.57;4.375;52.716
2018;7;5;38.992;4.294;52.344
2018;7;6;39.738;4.487;53.216
2018;7;7;39.629;3.65;49.515
2018;7;8;37.508;3.54;47.681
2018;7;9;39.2;3.668;46.882
2018;7;10;39.304;4.078;47.079
2018;7;11;39.251;3.959;47.13
2018;7;12;38.34;2.636;46.046
2018;7;13;37.214;3.019;46.185
2018;7;14;37.244;3.145;46.216
2018;7;15;37.404;3.125;46.705
2018;7;16;37.284;2.913;45.982
2018;7;17;37.308;2.919;46.048
2018;7;18;35.125;3.314;47.343
2018;7;19;36.357;3.354;46.512
2018;7;20;36.973;2.762;46.171
2018;7;21;35.549;2.034;44.79
2018;7;22;36.549;2.521;45.27
2018;7;23;36.487;2.502;45.226
2018;7;24;36.851;2.754;45.224
2018;7;25;37.236;2.692;44.332
2018;7;26;36.683;2.599;44.077
2018;7;27;37.04;2.616;44.002
2018;7;28;36.944;2.528;43.906
2018;7;29;36.852;2.469;43.918
2018;7;30;37.194;2.378;43.338
2018;7;31;35.257;2.408;42.541
2018;8;1;36.494;2.296;42.665
2018;8;2;35.619;2.102;42.198
2018;8;3;34.978;2.073;41.612
2018;8;4;34.535;2.112;41.42
2018;8;5;37.476;2.468;43.579
2018;8;6;38.462;3.012;47.453
2018;8;7;38.709;3.323;51.845
2018;8;8;39.35;3.691;53.914
2018;8;9;39.517;3.776;53.901
2018;8;10;39.733;3.948;53.985
2018;8;11;39.713;3.786;53.42
2018;8;12;39.385;3.583;53.901
2018;8;13;39.472;3.751;53.9
2018;8;14;39.227;3.865;52.277
2018;8;15;38.907;3.675;48.838
2018;8;16;38.254;3.661;42.634
2018;8;17;37.476;3.677;37.105
2018;8;18;31.658;3.298;36.98
2018;8;19;37.582;3.852;34.884
2018;8;20;34.99;3.746;35.311
2018;8;21;35.383;4.345;38.057
2018;8;22;35.897;4.652;37.963
2018;8;23;35.84;4.68;38.374
2018;8;24;35.875;4.758;38.506
2018;8;25;35.115;5.558;46.209
2018;8;26;34.3;6.8;52.121
2018;8;27;34.658;6.32;50.944
2018;8;28;34.278;6.144;52.071
2018;8;29;37.033;6.069;49.075
2018;8;30;37.0;6.063;51.206
2018;8;31;36.983;6.084;48.388
2018;9;1;37.994;5.233;47.492
2018;9;2;37.784;4.932;47.984
2018;9;3;38.289;4.597;47.922
2018;9;4;37.606;4.416;45.642
2018;9;5;37.564;4.096;44.057
2018;9;6;37.503;3.951;44.846
2018;9;7;37.253;3.945;43.964
2018;9;8;37.211;3.952;44.025
2018;9;9;36.659;3.791;42.007
2018;9;10;36.336;4.167;43.67
2018;9;11;36.356;4.274;44.604
2018;9;12;36.635;5.6;45.575
2018;9;13;37.146;7.799;48.494
2018;9;14;37.064;7.688;48.242
2018;9;15;44.377;23.289;60.577
2018;9;16;47.501;28.063;59.731
2018;9;17;47.575;29.527;56.329
2018;9;18;69.8;64.841;80.852
2018;9;19;71.696;69.159;78.33
2018;9;20;71.413;69.259;77.613
2018;9;21;70.613;69.395;75.595
2018;9;22;72.004;68.318;78.48
2018;9;23;74.206;70.287;80.844
2018;9;24;73.486;72.123;74.259
2018;9;25;72.114;68.528;81.112
2018;9;26;72.404;68.819;81.439
2018;9;27;72.178;68.112;80.855
2018;9;28;72.377;68.995;80.921
2018;9;29;70.211;67.447;78.214
2018;9;30;65.26;58.501;80.942
2018;10;1;65.634;59.819;80.739
2018;10;2;70.382;68.646;82.137
2018;10;3;71.997;72.983;80.317
2018;10;4;71.238;71.821;79.707
2018;10;5;71.921;73.312;80.191
2018;10;6;71.255;73.489;76.75
2018;10;7;71.971;73.826;79.966
2018;10;8;70.956;72.917;77.353
2018;10;9;70.639;72.778;76.95
2018;10;10;70.959;73.204;79.261
2018;10;11;71.05;73.102;78.832
2018;10;12;71.675;73.411;80.296
2018;10;13;69.615;71.231;76.91
2018;10;14;69.205;69.818;77.306
2018;10;15;69.754;68.567;75.599
2018;10;16;68.238;64.535;72.913
2018;10;17;66.001;62.461;72.21
2018;10;18;66.261;62.835;72.242
2018;10;19;62.978;54.412;70.882
2018;10;20;63.999;53.905;64.93
2018;10;21;59.359;48.31;65.7
2018;10;22;58.715;48.829;65.775
2018;10;23;59.575;48.558;65.364
2018;10;24;67.237;59.335;69.109
2018;10;25;71.166;65.749;69.946
2018;10;26;69.477;66.091;75.212
2018;10;27;70.187;67.643;75.659
2018;10;28;75.213;73.043;80.699
2018;10;29;76.979;75.513;79.976
2018;10;30;76.089;74.637;82.358
2018;10;31;76.296;74.795;76.16
2018;11;1;;;
2018;11;2;;;
2018;11;3;;;
2018;11;4;;;
2018;11;5;;;
2018;11;6;;;
2018;11;7;;;
2018;11;8;;;
2018;11;9;;;
2018;11;10;;;
2018;11;11;;;
2018;11;12;;;
2018;11;13;;;
2018;11;14;;;
2018;11;15;;;
2018;11;16;;;
2018;11;17;;;
2018;11;18;;;
2018;11;19;;;
2018;11;20;;;
2018;11;21;;;
2018;11;22;;;
2018;11;23;;;
2018;11;24;;;
2018;11;25;;;
2018;11;26;;;
2018;11;27;;;
2018;11;28;;;
2018;11;29;;;
2018;11;30;;;
2018;12;1;;;
2018;12;2;;;
2018;12;3;;;
2018;12;4;;;
2018;12;5;;;
2018;12;6;;;
2018;12;7;;;
2018;12;8;;;
2018;12;9;;;
2018;12;10;;;
2018;12;11;;;
2018;12;12;;;
2018;12;13;;;
2018;12;14;;;
2018;12;15;;;
2018;12;16;;;
2018;12;17;;;
2018;12;18;;;
2018;12;19;;;
2018;12;20;;;
2018;12;21;;;
2018;12;22;;;
2018;12;23;;;
2018;12;24;;;
2018;12;25;;;
2018;12;26;;;
2018;12;27;;;
2018;12;28;;;
2018;12;29;;;
2018;12;30;;;
2018;12;31;;;
2019;1;1;;;
2019;1;2;;;
2019;1;3;;;
2019;1;4;;;
2019;1;5;;;
2019;1;6;;;
2019;1;7;;;
2019;1;8;;;
2019;1;9;;;
2019;1;10;;;
2019;1;11;;;
2019;1;12;;;
2019;1;13;;;
2019;1;14;;;
2019;1;15;;;
2019;1;16;;;
2019;1;17;;;
2019;1;18;;;
2019;1;19;;;
2019;1;20;;;
2019;1;21;;;
2019;1;22;;;
2019;1;23;;;
2019;1;24;;;
2019;1;25;;;
2019;1;26;;;
2019;1;27;;;
2019;1;28;;;
2019;1;29;;;
2019;1;30;;;
2019;1;31;;;
2019;2;1;62.702;60.485;79.258
2019;2;2;58.524;57.627;78.438
2019;2;3;58.671;57.766;77.434
2019;2;4;59.39;58.965;78.035
2019;2;5;59.042;58.151;77.08
2019;2;6;59.664;59.146;77.293
2019;2;7;66.711;62.703;83.314
2019;2;8;65.464;62.919;84.611
2019;2;9;67.522;66.188;85.636
2019;2;10;67.739;66.331;85.731
2019;2;11;67.355;66.58;87.482
2019;2;12;67.56;66.249;86.597
2019;2;13;67.002;65.872;87.949
2019;2;14;68.33;68.513;86.487
2019;2;15;68.204;68.254;86.835
2019;2;16;70.063;71.032;85.938
2019;2;17;69.71;70.489;85.212
2019;2;18;69.648;70.755;83.978
2019;2;19;69.838;71.147;80.76
2019;2;20;69.166;69.921;83.535
2019;2;21;73.734;76.201;80.618
2019;2;22;74.118;75.709;82.974
2019;2;23;75.326;77.305;82.313
2019;2;24;75.745;77.959;82.45
2019;2;25;77.225;79.237;81.212
2019;2;26;77.291;79.664;81.024
2019;2;27;77.302;79.528;88.309
2019;2;28;76.508;78.579;79.051
2019;3;1;76.978;79.201;88.323
2019;3;2;76.33;78.37;87.848
2019;3;3;76.31;78.748;87.545
2019;3;4;76.211;78.74;87.393
2019;3;5;64.357;63.614;77.619
2019;3;6;65.83;67.316;79.267
2019;3;7;65.755;67.263;79.034
2019;3;8;66.477;68.019;81.101
2019;3;9;66.283;68.023;79.223
2019;3;10;65.807;67.575;75.123
2019;3;11;65.927;67.677;75.276
2019;3;12;65.809;67.633;73.83
2019;3;13;66.008;67.826;73.553
2019;3;14;80.074;85.459;81.523
2019;3;15;76.715;81.288;78.46
2019;3;16;79.693;83.639;81.88
2019;3;17;82.957;86.584;83.25
2019;3;18;82.879;86.574;83.046
2019;3;19;84.277;87.122;85.53
2019;3;20;80.875;83.228;83.283
2019;3;21;85.015;87.686;86.209
2019;3;22;84.463;86.987;86.25
2019;3;23;83.661;85.838;85.867
2019;3;24;83.858;86.452;85.005
2019;3;25;81.659;84.447;83.744
2019;3;26;84.046;86.896;84.031
2019;3;27;78.971;80.164;84.279
2019;3;28;79.149;80.478;83.831
2019;3;29;81.707;84.236;83.312
2019;3;30;80.26;81.564;83.529
2019;3;31;82.114;84.205;83.312
2019;4;1;79.558;80.683;80.165
2019;4;2;80.735;82.254;81.713
2019;4;3;80.931;82.617;81.804
2019;4;4;79.651;80.823;80.983
2019;4;5;80.268;81.749;80.495
2019;4;6;80.112;81.93;80.656
2019;4;7;80.996;82.8;80.818
2019;4;8;80.677;82.761;80.365
2019;4;9;80.198;82.41;79.761
2019;4;10;80.468;83.497;77.814
2019;4;11;80.366;83.832;78.198
2019;4;12;79.309;82.781;76.15
2019;4;13;77.896;81.622;73.715
2019;4;14;78.395;82.203;71.962
2019;4;15;77.713;81.031;68.515
2019;4;16;77.924;81.318;67.457
2019;4;17;75.878;77.839;64.052
2019;4;18;72.539;73.78;61.549
2019;4;19;75.22;77.144;56.453
2019;4;20;72.942;74.849;57.025
2019;4;21;74.324;75.721;51.303
2019;4;22;76.77;75.608;55.973
2019;4;23;76.019;74.596;55.863
2019;4;24;77.815;77.649;56.003
2019;4;25;71.074;56.398;62.635
2019;4;26;68.013;49.588;62.409
2019;4;27;67.838;50.127;64.186
2019;4;28;63.735;43.968;62.285
2019;4;29;64.108;44.22;62.909
2019;4;30;61.733;42.167;59.985
2019;5;1;58.439;38.769;63.553
2019;5;2;58.249;38.358;63.548
2019;5;3;57.879;38.675;63.23
2019;5;4;57.897;37.509;62.794
2019;5;5;55.643;37.464;57.458
2019;5;6;49.713;36.508;59.748
2019;5;7;49.342;36.575;58.91
2019;5;8;49.83;36.578;61.429
2019;5;9;57.131;36.661;64.46
2019;5;10;57.724;36.721;67.206
2019;5;11;57.022;33.691;67.049
2019;5;12;54.704;29.369;63.882
2019;5;13;54.42;28.508;63.039
2019;5;14;54.351;28.375;63.607
2019;5;15;54.368;28.457;63.595
2019;5;16;54.844;28.808;62.56
2019;5;17;54.852;28.734;60.78
2019;5;18;53.568;27.16;62.068
2019;5;19;53.585;27.025;62.12
2019;5;20;51.817;25.299;62.551
2019;5;21;51.399;24.146;57.467
2019;5;22;50.96;23.781;56.312
2019;5;23;43.681;19.113;60.911
2019;5;24;40.679;19.565;65.414
2019;5;25;40.677;19.786;66.231
2019;5;26;40.631;19.758;64.909
2019;5;27;40.666;19.718;65.264
2019;5;28;40.46;19.327;65.314
2019;5;29;38.806;18.456;67.583
2019;5;30;39.034;18.714;67.439
2019;5;31;42.479;21.968;62.702
2019;6;1;45.182;25.333;66.841
2019;6;2;47.881;29.765;72.46
2019;6;3;47.782;29.637;63.507
2019;6;4;47.745;29.461;63.439
2019;6;5;51.746;23.616;58.399
2019;6;6;48.232;18.766;57.045
2019;6;7;48.381;19.314;57.248
2019;6;8;47.227;17.042;56.496
2019;6;9;47.554;17.231;56.176
2019;6;10;48.28;17.007;57.944
2019;6;11;46.279;14.556;56.589
2019;6;12;45.578;14.707;55.576
2019;6;13;42.837;9.752;54.091
2019;6;14;42.499;9.531;52.429
2019;6;15;42.687;9.576;52.733
2019;6;16;42.34;9.122;55.754
2019;6;17;42.14;15.864;53.177
2019;6;18;40.891;7.583;48.986
2019;6;19;39.551;5.955;48.678
2019;6;20;39.835;5.879;48.904
2019;6;21;39.447;6.077;47.588
2019;6;22;39.041;5.665;47.608
2019;6;23;39.767;4.581;46.535
2019;6;24;39.72;4.668;46.11
2019;6;25;39.683;4.62;45.182
2019;6;26;39.511;4.845;44.728
2019;6;27;39.795;4.965;46.613
2019;6;28;39.723;4.468;45.587
2019;6;29;38.474;3.987;44.273
2019;6;30;37.169;4.086;42.726
2019;7;1;37.327;4.256;42.898
2019;7;2;38.011;4.405;50.924
2019;7;3;37.361;4.103;44.715
2019;7;4;35.809;4.11;46.895
2019;7;5;36.068;4.199;47.879
2019;7;6;36.057;4.163;47.355
2019;7;7;36.027;4.191;47.4
2019;7;8;36.583;3.565;37.291
2019;7;9;36.873;3.675;38.442
2019;7;10;34.968;3.192;36.019
2019;7;11;34.217;2.958;35.75
2019;7;12;33.792;3.008;34.775
2019;7;13;37.437;3.09;34.659
2019;7;14;33.025;2.913;34.573
2019;7;15;38.005;3.999;34.293
2019;7;16;37.609;3.362;34.317
2019;7;17;37.392;3.454;34.422
2019;7;18;37.625;3.371;34.329
2019;7;19;28.642;7.671;33.49
2019;7;20;34.383;3.477;37.124
2019;7;21;33.974;3.215;37.392
2019;7;22;34.021;3.325;37.362
2019;7;23;32.053;3.485;35.865
2019;7;24;31.992;3.135;35.783
2019;7;25;33.593;3.017;36.424
2019;7;26;33.486;2.596;32.403
2019;7;27;34.142;3.062;34.119
2019;7;28;34.915;2.61;32.86
2019;7;29;34.87;2.763;33.059
2019;7;30;35.537;2.092;32.197
2019;7;31;34.989;2.133;31.927
2019;8;1;35.297;2.249;32.064
2019;8;2;35.795;2.045;31.808
2019;8;3;35.306;2.174;32.056
2019;8;4;36.329;1.968;31.381
2019;8;5;35.469;2.074;31.858
2019;8;6;34.933;1.732;31.574
2019;8;7;34.29;1.55;31.314
2019;8;8;36.657;4.546;31.418
2019;8;9;37.674;4.396;29.698
2019;8;10;36.601;5.487;61.864
2019;8;11;36.973;6.363;61.942
2019;8;12;37.27;7.464;61.205
2019;8;13;40.261;11.336;62.313
2019;8;14;41.963;14.611;62.801
2019;8;15;40.262;10.218;63.371
2019;8;16;38.339;10.137;62.699
2019;8;17;37.457;9.222;62.368
2019;8;18;37.178;9.186;62.028
2019;8;19;37.413;9.875;62.562
2019;8;20;39.239;9.879;65.746
2019;8;21;39.726;12.355;65.559
2019;8;22;38.009;12.351;55.492
2019;8;23;37.03;11.282;55.177
2019;8;24;35.594;9.461;52.213
2019;8;25;34.954;8.856;50.955
2019;8;26;27.654;8.036;35.494
2019;8;27;27.594;7.586;34.298
2019;8;28;27.587;7.4;35.186
2019;8;29;26.607;6.244;35.752
2019;8;30;27.52;7.06;35.406
2019;8;31;28.027;7.638;38.032
2019;9;1;27.716;7.614;35.01
2019;9;2;29.784;7.868;45.372
2019;9;3;30.61;8.618;45.165
2019;9;4;38.339;8.834;37.244
2019;9;5;38.367;8.732;37.321
2019;9;6;39.541;10.682;37.009
2019;9;7;33.865;6.256;43.613
2019;9;8;34.307;5.124;42.524
2019;9;9;34.012;4.73;42.333
2019;9;10;34.742;6.057;43.691
2019;9;11;34.654;6.09;43.854
2019;9;12;34.365;5.444;45.922
2019;9;13;34.809;5.668;43.446
2019;9;14;34.568;6.025;44.087
2019;9;15;35.066;7.795;48.29
2019;9;16;34.54;7.011;48.224
2019;9;17;34.39;6.33;46.683
2019;9;18;34.813;9.935;50.815
2019;9;19;39.004;18.947;59.451
2019;9;20;38.853;18.888;58.891
2019;9;21;36.414;20.37;52.309
2019;9;22;35.292;25.517;47.662
2019;9;23;38.391;31.071;44.315
2019;9;24;28.833;12.225;45.747
2019;9;25;35.762;8.513;60.426
2019;9;26;34.701;8.1;59.508
2019;9;27;34.073;6.038;59.592
2019;9;28;34.178;6.312;59.867
2019;9;29;33.994;6.363;59.947
2019;9;30;35.745;6.192;60.779
2019;10;1;33.826;5.934;60.116
2019;10;2;34.936;6.472;59.803
2019;10;3;33.351;6.273;59.834
2019;10;4;33.309;6.3;59.664
2019;10;5;33.801;6.135;59.891
2019;10;6;34.771;12.974;58.517
2019;10;7;47.963;32.871;64.277
2019;10;8;62.69;55.17;81.25
2019;10;9;62.362;55.092;79.903
2019;10;10;62.793;55.359;81.202
2019;10;11;61.512;54.381;78.629
2019;10;12;63.113;55.523;82.272
2019;10;13;65.423;55.696;85.508
2019;10;14;67.18;58.867;84.726
2019;10;15;67.298;58.921;84.748
2019;10;16;66.385;58.214;84.012
2019;10;17;66.798;58.569;85.04
2019;10;18;66.963;58.042;83.357
2019;10;19;68.249;57.848;80.077
2019;10;20;61.004;56.138;66.359
2019;10;21;59.236;54.727;63.019
2019;10;22;66.243;61.528;75.953
2019;10;23;69.478;63.898;81.917
2019;10;24;70.056;64.623;83.228
2019;10;25;67.21;64.304;73.356
2019;10;26;67.938;63.821;77.207
2019;10;27;68.878;64.245;85.511
2019;10;28;69.067;64.16;84.483
2019;10;29;68.717;64.391;85.623
2019;10;30;68.612;64.257;85.577
2019;10;31;69.386;64.404;85.697
2019;11;1;;;
2019;11;2;;;
2019;11;3;;;
2019;11;4;;;
2019;11;5;;;
2019;11;6;;;
2019;11;7;;;
2019;11;8;;;
2019;11;9;;;
2019;11;10;;;
2019;11;11;;;
2019;11;12;;;
2019;11;13;;;
2019;11;14;;;
2019;11;15;;;
2019;11;16;;;
2019;11;17;;;
2019;11;18;;;
2019;11;19;;;
2019;11;20;;;
2019;11;21;;;
2019;11;22;;;
2019;11;23;;;
2019;11;24;;;
2019;11;25;;;
2019;11;26;;;
2019;11;27;;;
2019;11;28;;;
2019;11;29;;;
2019;11;30;;;
2019;12;1;;;
2019;12;2;;;
2019;12;3;;;
2019;12;4;;;
2019;12;5;;;
2019;12;6;;;
2019;12;7;;;
2019;12;8;;;
2019;12;9;;;
2019;12;10;;;
2019;12;11;;;
2019;12;12;;;
2019;12;13;;;
2019;12;14;;;
2019;12;15;;;
2019;12;16;;;
2019;12;17;;;
2019;12;18;;;
2019;12;19;;;
2019;12;20;;;
2019;12;21;;;
2019;12;22;;;
2019;12;23;;;
2019;12;24;;;
2019;12;25;;;
2019;12;26;;;
2019;12;27;;;
2019;12;28;;;
2019;12;29;;;
2019;12;30;;;
2019;12;31;;;
2020;1;1;;;
2020;1;2;;;
2020;1;3;;;
2020;1;4;;;
2020;1;5;;;
2020;1;6;;;
2020;1;7;;;
2020;1;8;;;
2020;1;9;;;
2020;1;10;;;
2020;1;11;;;
2020;1;12;;;
2020;1;13;;;
2020;1;14;;;
2020;1;15;;;
2020;1;16;;;
2020;1;17;;;
2020;1;18;;;
2020;1;19;;;
2020;1;20;;;
2020;1;21;;;
2020;1;22;;;
2020;1;23;;;
2020;1;24;;;
2020;1;25;;;
2020;1;26;;;
2020;1;27;;;
2020;1;28;;;
2020;1;29;;;
2020;1;30;;;
2020;1;31;;;
2020;2;1;69.32;68.989;85.21
2020;2;2;69.057;70.177;85.461
2020;2;3;69.038;70.237;85.41
2020;2;4;68.046;67.701;84.891
2020;2;5;68.922;69.097;85.07
2020;2;6;67.862;66.426;84.517
2020;2;7;63.971;62.554;80.766
2020;2;8;64.043;62.826;80.735
2020;2;9;64.379;63.151;80.521
2020;2;10;65.165;64.698;79.647
2020;2;11;63.698;62.925;75.124
2020;2;12;64.341;63.89;74.965
2020;2;13;63.451;64.369;71.251
2020;2;14;63.25;64.095;69.318
2020;2;15;61.6;61.316;68.667
2020;2;16;60.699;60.612;68.152
2020;2;17;61.824;61.893;69.899
2020;2;18;62.267;61.674;74.565
2020;2;19;61.174;59.784;72.351
2020;2;20;61.628;60.479;72.648
2020;2;21;61.783;60.673;72.588
2020;2;22;63.125;60.934;86.885
2020;2;23;63.381;60.978;88.326
2020;2;24;61.166;60.141;82.568
2020;2;25;61.58;60.923;83.164
2020;2;26;62.363;61.473;72.543
2020;2;27;65.486;66.201;72.311
2020;2;28;65.181;65.828;71.545
2020;2;29;66.606;68.066;73.048
2020;3;1;67.811;69.88;72.576
2020;3;2;68.055;70.409;71.254
2020;3;3;67.969;70.205;72.382
2020;3;4;67.6;69.613;71.671
2020;3;5;68.092;70.129;76.294
2020;3;6;68.774;71.35;72.172
2020;3;7;68.11;70.289;72.758
2020;3;8;68.024;70.209;77.449
2020;3;9;67.701;69.591;76.874
2020;3;10;68.491;70.415;88.092
2020;3;11;68.799;71.531;74.124
2020;3;12;64.642;65.703;74.606
2020;3;13;64.589;65.642;74.517
2020;3;14;67.194;69.056;80.619
2020;3;15;67.274;69.203;80.731
2020;3;16;67.219;68.799;78.68
2020;3;17;67.548;69.229;81.239
2020;3;18;67.236;69.198;74.71
2020;3;19;71.045;71.34;84.818
2020;3;20;72.236;73.008;84.245
2020;3;21;74.345;74.376;87.242
2020;3;22;76.709;77.47;86.692
2020;3;23;78.459;79.881;87.064
2020;3;24;78.597;79.985;86.247
2020;3;25;79.799;81.611;86.08
2020;3;26;79.846;81.615;86.131
2020;3;27;79.509;81.203;85.833
2020;3;28;80.078;82.014;86.33
2020;3;29;80.069;81.891;86.11
2020;3;30;80.48;82.451;86.207
2020;3;31;80.484;82.451;86.368
2020;4;1;80.289;82.53;84.556
2020;4;2;82.157;84.511;83.843
2020;4;3;82.93;85.462;80.227
2020;4;4;81.771;85.11;80.095
2020;4;5;82.112;85.088;79.757
2020;4;6;82.684;86.063;76.048
2020;4;7;81.294;84.278;78.954
2020;4;8;80.429;83.727;78.911
2020;4;9;80.356;83.723;79.231
2020;4;10;81.653;84.553;79.225
2020;4;11;81.633;84.536;79.239
2020;4;12;77.852;79.14;79.117
2020;4;13;77.914;78.818;78.5
2020;4;14;78.05;79.007;78.647
2020;4;15;85.298;85.513;76.462
2020;4;16;85.125;86.264;76.917
2020;4;17;91.382;91.456;73.458
2020;4;18;93.457;92.667;71.081
2020;4;19;93.269;92.535;70.811
2020;4;20;93.293;92.665;70.837
2020;4;21;93.146;92.384;71.433
2020;4;22;92.939;92.265;71.882
2020;4;23;89.772;91.31;73.235
2020;4;24;88.639;90.695;74.023
2020;4;25;88.002;90.357;74.191
2020;4;26;86.915;89.251;74.44
2020;4;27;86.491;88.625;74.57
2020;4;28;85.423;87.299;74.458
2020;4;29;85.444;87.385;75.372
2020;4;30;85.245;87.171;74.881
2020;5;1;85.246;87.173;74.874
2020;5;2;85.571;87.472;74.795
2020;5;3;85.592;88.01;74.451
2020;5;4;86.797;89.259;74.524
2020;5;5;86.583;87.616;68.815
2020;5;6;79.87;79.283;69.478
2020;5;7;82.111;82.953;68.874
2020;5;8;79.86;79.195;68.979
2020;5;9;87.255;88.691;68.009
2020;5;10;85.263;85.959;68.992
2020;5;11;72.453;72.745;69.778
2020;5;12;72.168;72.521;70.26
2020;5;13;72.462;71.688;75.525
2020;5;14;79.565;81.852;71.75
2020;5;15;80.187;82.874;71.674
2020;5;16;81.994;85.723;71.065
2020;5;17;82.003;85.024;70.16
2020;5;18;81.545;84.755;71.706
2020;5;19;82.226;86.237;71.402
2020;5;20;81.962;85.049;70.197
2020;5;21;84.45;85.626;67.345
2020;5;22;82.431;85.476;69.165
2020;5;23;84.385;86.748;67.723
2020;5;24;85.063;87.226;67.04
2020;5;25;86.201;84.525;60.676
2020;5;26;85.949;85.016;62.409
2020;5;27;88.275;83.869;58.573
2020;5;28;88.23;84.282;59.772
2020;5;29;86.498;81.154;58.707
2020;5;30;86.521;81.187;58.68
2020;5;31;85.223;79.78;59.273
2020;6;1;85.715;79.62;58.386
2020;6;2;85.322;79.427;59.007
2020;6;3;82.804;74.716;58.49
2020;6;4;82.204;74.99;58.508
2020;6;5;82.541;75.522;58.545
2020;6;6;76.804;65.171;57.801
2020;6;7;64.396;44.457;54.211
2020;6;8;63.927;43.609;52.896
2020;6;9;60.299;37.233;53.933
2020;6;10;60.265;37.146;53.742
2020;6;11;58.757;33.998;53.652
2020;6;12;55.92;29.309;53.313
2020;6;13;54.861;27.821;53.32
2020;6;14;54.98;28.012;53.385
2020;6;15;54.234;26.946;53.137
2020;6;16;54.122;26.448;53.232
2020;6;17;50.482;20.436;53.007
2020;6;18;50.459;20.896;53.105
2020;6;19;50.728;21.237;53.15
2020;6;20;45.052;12.954;53.003
2020;6;21;45.196;12.958;53.008
2020;6;22;43.613;12.096;52.858
2020;6;23;40.973;8.197;52.655
2020;6;24;40.079;6.608;53.215
2020;6;25;37.296;5.81;55.452
2020;6;26;36.691;6.156;53.19
2020;6;27;38.596;5.679;52.089
2020;6;28;38.676;5.224;49.807
2020;6;29;39.167;4.774;50.459
2020;6;30;39.313;4.889;50.467
2020;7;1;38.1;4.56;49.059
2020;7;2;38.457;4.619;49.933
2020;7;3;38.802;4.567;49.066
2020;7;4;39.094;4.693;50.101
2020;7;5;38.254;4.631;49.57
2020;7;6;38.163;4.525;49.429
2020;7;7;38.0;4.463;49.456
2020;7;8;36.044;4.173;47.177
2020;7;9;38.584;4.913;49.956
2020;7;10;31.426;6.049;40.729
2020;7;11;33.516;6.372;42.682
2020;7;12;32.914;5.894;41.769
2020;7;13;33.785;8.619;40.888
2020;7;14;33.392;8.692;40.65
2020;7;15;33.899;9.029;41.252
2020;7;16;40.191;6.118;54.275
2020;7;17;37.738;6.259;51.185
2020;7;18;37.959;6.17;52.326
2020;7;19;38.169;6.62;51.81
2020;7;20;37.991;6.301;51.691
2020;7;21;41.323;7.215;55.507
2020;7;22;39.976;6.541;48.413
2020;7;23;37.562;6.21;51.889
2020;7;24;39.607;5.909;50.663
2020;7;25;38.818;4.352;48.11
2020;7;26;39.005;4.572;48.053
2020;7;27;37.029;3.101;46.43
2020;7;28;34.648;2.994;43.933
2020;7;29;37.755;3.606;46.995
2020;7;30;37.326;2.519;45.816
2020;7;31;34.906;2.656;45.147
2020;8;1;35.172;2.769;45.236
2020;8;2;35.498;2.932;45.11
2020;8;3;37.169;3.323;45.552
2020;8;4;34.478;3.741;42.297
2020;8;5;35.159;6.852;41.312
2020;8;6;33.41;3.837;38.423
2020;8;7;33.115;3.078;37.518
2020;8;8;34.012;3.283;38.742
2020;8;9;36.028;3.217;35.611
2020;8;10;35.965;2.52;35.16
2020;8;11;35.93;2.355;34.151
2020;8;12;35.884;2.177;34.05
2020;8;13;35.919;2.131;33.838
2020;8;14;36.171;2.167;32.778
2020;8;15;35.811;1.885;33.154
2020;8;16;35.946;1.912;32.585
2020;8;17;35.614;1.661;32.809
2020;8;18;35.492;1.764;31.792
2020;8;19;35.676;1.639;32.315
2020;8;20;35.369;1.612;32.359
2020;8;21;35.953;1.574;33.109
2020;8;22;36.048;1.44;34.646
2020;8;23;36.162;1.478;34.793
2020;8;24;36.084;1.497;34.291
2020;8;25;36.222;1.503;34.538
2020;8;26;36.15;1.443;34.955
2020;8;27;35.135;1.243;34.629
2020;8;28;35.532;1.675;34.894
2020;8;29;35.181;1.673;34.633
2020;8;30;32.488;1.122;33.9
2020;8;31;33.837;4.598;36.106
2020;9;1;45.268;31.782;44.079
2020;9;2;71.515;72.061;52.792
2020;9;3;68.653;67.257;52.792
2020;9;4;57.979;47.081;70.829
2020;9;5;67.046;61.492;76.549
2020;9;6;58.844;48.533;75.896
2020;9;7;57.793;46.77;74.032
2020;9;8;52.867;38.639;74.464
2020;9;9;49.122;30.961;74.426
2020;9;10;46.62;26.455;74.434
2020;9;11;43.346;21.52;70.569
2020;9;12;43.076;21.488;69.179
2020;9;13;43.487;21.402;72.276
2020;9;14;43.41;20.732;72.329
2020;9;15;41.203;14.99;64.374
2020;9;16;40.756;14.837;64.044
2020;9;17;40.068;10.894;60.763
2020;9;18;40.332;10.939;62.016
2020;9;19;39.244;9.492;60.967
2020;9;20;41.363;12.57;62.621
2020;9;21;45.513;18.292;63.162
2020;9;22;40.574;10.232;61.245
2020;9;23;43.011;15.796;61.143
2020;9;24;42.235;17.868;60.378
2020;9;25;48.75;27.797;64.62
2020;9;26;52.328;36.698;70.335
2020;9;27;52.031;36.701;68.821
2020;9;28;54.706;44.428;73.241
2020;9;29;56.77;48.959;71.096
2020;9;30;57.886;49.614;74.481
2020;10;1;57.466;49.742;69.575
2020;10;2;55.682;47.612;66.413
2020;10;3;50.941;38.029;68.814
2020;10;4;52.256;42.561;63.306
2020;10;5;57.088;47.836;72.478
2020;10;6;56.953;47.813;70.291
2020;10;7;56.574;47.27;68.979
2020;10;8;52.563;38.504;73.958
2020;10;9;54.087;40.86;72.418
2020;10;10;54.31;38.781;76.564
2020;10;11;52.322;33.376;76.54
2020;10;12;51.712;32.246;76.828
2020;10;13;53.572;32.798;77.496
2020;10;14;52.242;32.273;77.135
2020;10;15;55.71;35.441;80.546
2020;10;16;56.771;37.661;80.699
2020;10;17;57.53;39.134;80.722
2020;10;18;58.181;39.937;80.943
2020;10;19;63.273;50.247;81.76
2020;10;20;68.841;59.563;82.347
2020;10;21;76.064;72.951;79.774
2020;10;22;75.483;73.181;80.954
2020;10;23;75.796;73.983;80.668
2020;10;24;76.379;74.527;80.162
2020;10;25;75.018;73.602;79.73
2020;10;26;69.688;70.963;74.166
2020;10;27;63.136;63.2;72.487
2020;10;28;63.79;64.167;72.157
2020;10;29;65.459;66.746;72.339
2020;10;30;65.086;66.324;73.133
2020;10;31;65.281;66.124;74.562
2020;11;1;;;
2020;11;2;;;
2020;11;3;;;
2020;11;4;;;
2020;11;5;;;
2020;11;6;;;
2020;11;7;;;
2020;11;8;;;
2020;11;9;;;
2020;11;10;;;
2020;11;11;;;
2020;11;12;;;
2020;11;13;;;
2020;11;14;;;
2020;11;15;;;
2020;11;16;;;
2020;11;17;;;
2020;11;18;;;
2020;11;19;;;
2020;11;20;;;
2020;11;21;;;
2020;11;22;;;
2020;11;23;;;
2020;11;24;;;
2020;11;25;;;
2020;11;26;;;
2020;11;27;;;
2020;11;28;;;
2020;11;29;;;
2020;11;30;;;
2020;12;1;;;
2020;12;2;;;
2020;12;3;;;
2020;12;4;;;
2020;12;5;;;
2020;12;6;;;
2020;12;7;;;
2020;12;8;;;
2020;12;9;;;
2020;12;10;;;
2020;12;11;;;
2020;12;12;;;
2020;12;13;;;
2020;12;14;;;
2020;12;15;;;
2020;12;16;;;
2020;12;17;;;
2020;12;18;;;
2020;12;19;;;
2020;12;20;;;
2020;12;21;;;
2020;12;22;;;
2020;12;23;;;
2020;12;24;;;
2020;12;25;;;
2020;12;26;;;
2020;12;27;;;
2020;12;28;;;
2020;12;29;;;
2020;12;30;;;
2020;12;31;;;
2021;1;1;;;
2021;1;2;;;
2021;1;3;;;
2021;1;4;;;
2021;1;5;;;
2021;1;6;;;
2021;1;7;;;
2021;1;8;;;
2021;1;9;;;
2021;1;10;;;
2021;1;11;;;
2021;1;12;;;
2021;1;13;;;
2021;1;14;;;
2021;1;15;;;
2021;1;16;;;
2021;1;17;;;
2021;1;18;;;
2021;1;19;;;
2021;1;20;;;
2021;1;21;;;
2021;1;22;;;
2021;1;23;;;
2021;1;24;;;
2021;1;25;;;
2021;1;26;;;
2021;1;27;;;
2021;1;28;;;
2021;1;29;;;
2021;1;30;;;
2021;1;31;;;
2021;2;1;71.65;75.126;74.376
2021;2;2;69.334;72.044;82.415
2021;2;3;70.565;74.104;79.535
2021;2;4;70.463;73.842;79.218
2021;2;5;61.653;60.597;86.77
2021;2;6;61.437;60.232;87.148
2021;2;7;61.516;60.801;83.875
2021;2;8;60.861;60.43;73.266
2021;2;9;60.87;60.429;73.216
2021;2;10;66.933;69.202;70.467
2021;2;11;67.003;69.514;68.079
2021;2;12;66.25;69.05;63.896
2021;2;13;67.825;68.214;70.347
2021;2;14;67.595;67.815;70.281
2021;2;15;69.933;71.274;67.111
2021;2;16;67.659;67.742;66.69
2021;2;17;66.96;67.174;66.842
2021;2;18;69.129;68.365;78.627
2021;2;19;68.511;67.202;72.56
2021;2;20;75.857;76.39;86.444
2021;2;21;72.813;74.055;87.331
2021;2;22;74.154;75.228;86.914
2021;2;23;79.334;80.666;84.308
2021;2;24;83.308;86.119;85.261
2021;2;25;83.561;86.246;85.257
2021;2;26;83.384;86.245;84.233
2021;2;27;81.016;82.768;85.525
2021;2;28;80.173;81.299;87.024
2021;3;1;80.245;81.418;87.587
2021;3;2;80.692;81.87;86.944
2021;3;3;80.432;82.035;86.115
2021;3;4;79.711;81.112;86.874
2021;3;5;79.952;81.104;84.825
2021;3;6;78.886;79.706;86.479
2021;3;7;78.47;78.684;84.772
2021;3;8;78.064;78.479;84.696
2021;3;9;78.06;78.421;84.675
2021;3;10;78.339;78.888;84.533
2021;3;11;77.113;79.976;85.267
2021;3;12;77.169;79.938;85.479
2021;3;13;74.089;77.792;83.751
2021;3;14;75.748;78.923;76.886
2021;3;15;77.005;81.322;75.035
2021;3;16;80.946;85.585;75.198
2021;3;17;86.649;92.592;78.436
2021;3;18;86.648;92.583;78.458
2021;3;19;86.572;92.313;81.516
2021;3;20;86.54;92.129;81.28
2021;3;21;88.018;92.98;78.736
2021;3;22;87.534;93.543;83.236
2021;3;23;87.453;92.437;82.236
2021;3;24;85.591;89.146;82.356
2021;3;25;80.742;83.269;82.366
2021;3;26;75.264;75.548;85.94
2021;3;27;74.739;74.879;86.865
2021;3;28;75.002;75.359;86.065
2021;3;29;75.171;75.501;85.945
2021;3;30;74.624;75.186;83.64
2021;3;31;75.185;75.584;84.917
2021;4;1;75.302;75.798;85.144
2021;4;2;75.684;76.892;83.406
2021;4;3;75.781;76.507;85.107
2021;4;4;75.296;75.797;84.864
2021;4;5;75.714;76.426;84.039
2021;4;6;77.515;79.525;79.927
2021;4;7;77.416;79.52;80.179
2021;4;8;77.213;78.545;79.691
2021;4;9;78.466;79.025;80.29
2021;4;10;78.123;78.776;80.086
2021;4;11;78.813;79.725;80.102
2021;4;12;78.895;80.013;80.221
2021;4;13;79.557;80.444;79.288
2021;4;14;81.759;83.852;79.085
2021;4;15;80.047;81.052;78.326
2021;4;16;82.053;84.039;76.64
2021;4;17;83.806;86.261;75.553
2021;4;18;84.815;87.544;74.538
2021;4;19;85.817;88.527;73.761
2021;4;20;84.935;87.453;73.047
2021;4;21;85.008;87.451;73.101
2021;4;22;84.769;87.014;73.071
2021;4;23;83.988;86.254;73.341
2021;4;24;81.963;82.379;73.253
2021;4;25;79.697;80.93;72.494
2021;4;26;80.478;81.497;72.729
2021;4;27;79.603;81.714;73.405
2021;4;28;77.495;79.354;73.731
2021;4;29;76.699;78.08;74.215
2021;4;30;77.34;79.09;74.364
2021;5;1;77.067;78.63;74.368
2021;5;2;76.658;77.948;74.469
2021;5;3;75.487;76.727;72.969
2021;5;4;75.49;76.804;73.468
2021;5;5;70.064;69.821;73.015
2021;5;6;70.2;69.872;77.102
2021;5;7;80.817;79.465;76.031
2021;5;8;79.772;78.311;76.32
2021;5;9;79.806;78.286;75.949
2021;5;10;79.788;78.207;75.941
2021;5;11;79.835;78.275;76.095
2021;5;12;80.682;79.272;75.947
2021;5;13;78.86;76.754;73.967
2021;5;14;79.765;77.986;75.927
2021;5;15;80.21;78.869;75.552
2021;5;16;80.211;78.867;75.559
2021;5;17;80.225;78.892;75.542
2021;5;18;79.503;78.577;75.34
2021;5;19;80.22;79.834;76.223
2021;5;20;80.324;79.774;76.016
2021;5;21;77.365;74.77;73.176
2021;5;22;91.879;91.025;70.344
2021;5;23;91.893;91.049;70.403
2021;5;24;91.903;91.037;70.317
2021;5;25;91.822;91.019;70.629
2021;5;26;92.77;91.753;68.886
2021;5;27;92.43;90.881;70.556
2021;5;28;92.042;90.98;69.177
2021;5;29;92.082;91.035;69.221
2021;5;30;91.774;91.036;69.279
2021;5;31;90.988;89.352;69.232
2021;6;1;85.736;83.768;69.175
2021;6;2;75.593;79.427;60.244
2021;6;3;82.887;78.565;62.601
2021;6;4;82.959;78.55;62.514
2021;6;5;82.171;77.492;62.455
2021;6;6;81.061;75.451;62.758
2021;6;7;82.87;77.292;62.534
2021;6;8;81.145;70.896;62.671
2021;6;9;82.482;73.321;62.765
2021;6;10;81.138;72.17;63.204
2021;6;11;80.449;69.862;62.776
2021;6;12;78.167;65.858;62.807
2021;6;13;78.189;65.911;62.816
2021;6;14;70.483;62.367;64.584
2021;6;15;69.927;60.997;64.015
2021;6;16;70.351;61.263;66.058
2021;6;17;69.457;54.957;69.656
2021;6;18;69.421;55.024;69.605
2021;6;19;62.576;43.964;66.308
2021;6;20;64.026;45.211;67.188
2021;6;21;61.185;39.435;65.922
2021;6;22;60.876;39.45;66.697
2021;6;23;61.233;38.259;63.169
2021;6;24;61.604;39.379;63.925
2021;6;25;57.788;32.208;61.75
2021;6;26;56.895;30.862;60.187
2021;6;27;57.039;31.117;60.249
2021;6;28;54.352;26.604;58.465
2021;6;29;54.296;26.48;58.354
2021;6;30;49.374;18.396;56.295
2021;7;1;48.714;17.876;56.453
2021;7;2;43.736;10.134;53.648
2021;7;3;41.895;6.61;53.572
2021;7;4;40.982;5.874;52.591
2021;7;5;40.867;5.402;52.028
2021;7;6;40.09;4.502;51.138
2021;7;7;40.079;4.579;51.411
2021;7;8;39.789;4.28;51.541
2021;7;9;39.522;4.192;50.836
2021;7;10;39.403;3.677;50.263
2021;7;11;39.393;3.822;49.762
2021;7;12;39.277;4.102;49.827
2021;7;13;38.978;3.714;48.661
2021;7;14;38.92;3.637;48.236
2021;7;15;38.649;3.393;47.157
2021;7;16;38.091;3.488;46.419
2021;7;17;37.388;3.023;45.385
2021;7;18;37.597;3.212;44.89
2021;7;19;37.431;3.028;45.064
2021;7;20;37.634;3.192;44.615
2021;7;21;37.053;3.205;44.079
2021;7;22;36.625;2.871;43.5
2021;7;23;36.098;3.076;43.524
2021;7;24;34.451;2.892;41.242
2021;7;25;35.542;2.949;42.957
2021;7;26;35.614;2.665;41.326
2021;7;27;36.142;1.871;41.115
2021;7;28;35.264;2.396;38.377
2021;7;29;35.067;2.412;38.768
2021;7;30;36.458;2.351;41.818
2021;7;31;36.149;1.653;40.13
2021;8;1;35.275;1.737;41.319
2021;8;2;35.207;1.715;41.349
2021;8;3;35.36;1.609;41.141
2021;8;4;35.37;1.574;40.763
2021;8;5;34.859;1.488;39.439
2021;8;6;34.338;1.404;39.804
2021;8;7;34.513;1.363;39.128
2021;8;8;34.412;1.334;39.223
2021;8;9;34.575;1.193;39.063
2021;8;10;34.696;1.345;38.857
2021;8;11;34.589;1.224;38.679
2021;8;12;34.714;1.127;38.163
2021;8;13;34.361;1.077;38.102
2021;8;14;34.489;1.133;38.007
2021;8;15;34.259;1.058;37.442
2021;8;16;34.466;1.371;36.828
2021;8;17;33.511;1.182;36.734
2021;8;18;33.373;1.3;36.605
2021;8;19;33.013;1.315;36.123
2021;8;20;33.219;1.304;35.176
2021;8;21;33.428;1.346;34.768
2021;8;22;33.015;1.37;34.225
2021;8;23;33.804;1.383;32.886
2021;8;24;33.284;1.336;32.252
2021;8;25;33.644;1.564;31.637
2021;8;26;34.192;1.645;31.751
2021;8;27;33.948;1.292;31.329
2021;8;28;34.126;1.418;30.426
2021;8;29;34.099;1.371;30.65
2021;8;30;34.337;1.525;30.565
2021;8;31;34.304;1.567;30.509
2021;9;1;34.238;1.491;30.082
2021;9;2;34.514;1.704;30.988
2021;9;3;34.083;1.531;31.636
2021;9;4;34.554;1.566;32.472
2021;9;5;34.907;1.76;32.446
2021;9;6;34.871;1.729;32.666
2021;9;7;34.772;2.056;33.256
2021;9;8;34.746;1.809;33.528
2021;9;9;35.738;2.174;34.634
2021;9;10;35.213;2.065;32.594
2021;9;11;35.04;1.92;33.441
2021;9;12;34.971;1.829;33.289
2021;9;13;34.237;1.95;32.683
2021;9;14;34.41;2.226;31.55
2021;9;15;31.157;2.145;27.754
2021;9;16;27.114;3.955;27.988
2021;9;17;26.736;3.688;28.084
2021;9;18;26.897;3.926;27.95
2021;9;19;25.948;3.502;28.336
2021;9;20;27.129;3.831;26.665
2021;9;21;25.869;5.66;31.586
2021;9;22;;;
2021;9;23;;;
2021;9;24;42.88;27.608;35.269
2021;9;25;63.712;58.895;41.817
2021;9;26;76.732;77.07;60.48
2021;9;27;80.045;78.57;67.992
2021;9;28;;;
2021;9;29;;;
2021;9;30;;;
2021;10;1;;;
2021;10;2;;;
2021;10;3;;;
2021;10;4;;;
2021;10;5;;;
2021;10;6;;;
2021;10;7;;;
2021;10;8;;;
2021;10;9;;;
2021;10;10;;;
2021;10;11;;;
2021;10;12;;;
2021;10;13;;;
2021;10;14;;;
2021;10;15;;;
2021;10;16;;;
2021;10;17;;;
2021;10;18;;;
2021;10;19;;;
2021;10;20;;;
2021;10;21;;;
2021;10;22;;;
2021;10;23;;;
2021;10;24;;;
2021;10;25;;;
2021;10;26;;;
2021;10;27;;;
2021;10;28;;;
2021;10;29;;;
2021;10;30;;;
2021;10;31;;;
2021;11;1;;;
2021;11;2;;;
2021;11;3;;;
2021;11;4;;;
2021;11;5;;;
2021;11;6;;;
2021;11;7;;;
2021;11;8;;;
2021;11;9;;;
2021;11;10;;;
2021;11;11;;;
2021;11;12;;;
2021;11;13;;;
2021;11;14;;;
2021;11;15;;;
2021;11;16;;;
2021;11;17;;;
2021;11;18;;;
2021;11;19;;;
2021;11;20;;;
2021;11;21;;;
2021;11;22;;;
2021;11;23;;;
2021;11;24;;;
2021;11;25;;;
2021;11;26;;;
2021;11;27;;;
2021;11;28;;;
2021;11;29;;;
2021;11;30;;;
2021;12;1;;;
2021;12;2;;;
2021;12;3;;;
2021;12;4;;;
2021;12;5;;;
2021;12;6;;;
2021;12;7;;;
2021;12;8;;;
2021;12;9;;;
2021;12;10;;;
2021;12;11;;;
2021;12;12;;;
2021;12;13;;;
2021;12;14;;;
2021;12;15;;;
2021;12;16;;;
2021;12;17;;;
2021;12;18;;;
2021;12;19;;;
2021;12;20;;;
2021;12;21;;;
2021;12;22;;;
2021;12;23;;;
2021;12;24;;;
2021;12;25;;;
2021;12;26;;;
2021;12;27;;;
2021;12;28;;;
2021;12;29;;;
2021;12;30;;;
2021;12;31;;;
2022;1;1;;;
2022;1;2;;;
2022;1;3;;;
2022;1;4;;;
2022;1;5;;;
2022;1;6;;;
2022;1;7;;;
2022;1;8;;;
2022;1;9;;;
2022;1;10;;;
2022;1;11;;;
2022;1;12;;;
2022;1;13;;;
2022;1;14;;;
2022;1;15;;;
2022;1;16;60.475;62.582;85.534
2022;1;17;60.21;62.153;85.925
2022;1;18;59.566;61.11;85.862
2022;1;19;60.977;63.438;85.762
2022;1;20;78.197;81.431;83.54
2022;1;21;82.564;85.11;81.647
2022;1;22;77.221;80.571;83.052
2022;1;23;76.5;80.177;84.117
2022;1;24;78.212;81.411;83.635
2022;1;25;77.146;79.719;83.314
2022;1;26;77.074;79.787;83.463
2022;1;27;73.944;76.634;83.29
2022;1;28;74.728;77.574;84.292
2022;1;29;74.038;75.016;84.816
2022;1;30;74.104;76.038;82.983
2022;1;31;74.101;76.017;83.941
2022;2;1;73.949;75.98;85.089
2022;2;2;73.752;75.732;86.009
2022;2;3;72.4;73.108;82.382
2022;2;4;70.942;72.901;71.373
2022;2;5;69.954;71.388;73.336
2022;2;6;68.759;70.407;76.467
2022;2;7;68.678;70.25;76.842
2022;2;8;68.581;70.192;72.32
2022;2;9;68.106;70.156;74.357
2022;2;10;67.636;69.301;75.414
2022;2;11;66.177;67.62;72.932
2022;2;12;67.28;68.772;75.769
2022;2;13;67.044;68.355;72.391
2022;2;14;66.961;68.365;74.198
2022;2;15;66.462;68.142;76.411
2022;2;16;66.435;68.138;75.823
2022;2;17;62.838;63.913;73.76
2022;2;18;63.798;64.905;74.31
2022;2;19;63.455;63.443;73.083
2022;2;20;59.5;59.953;70.944
2022;2;21;59.302;59.76;71.717
2022;2;22;71.406;71.354;47.245
2022;2;23;73.602;74.2;49.094
2022;2;24;72.497;73.676;81.884
2022;2;25;73.325;75.184;80.995
2022;2;26;74.153;74.901;52.214
2022;2;27;75.062;76.99;82.863
2022;2;28;75.402;76.85;84.34
2022;3;1;76.555;78.427;83.803
2022;3;2;77.357;79.277;83.143
2022;3;3;77.032;79.034;82.273
2022;3;4;77.134;79.405;83.338
2022;3;5;77.465;79.262;84.221
2022;3;6;78.289;80.345;82.078
2022;3;7;76.757;78.537;83.809
2022;3;8;76.026;77.613;83.434
2022;3;9;76.746;78.548;83.823
2022;3;10;76.468;77.769;83.293
2022;3;11;75.339;77.32;80.502
2022;3;12;69.649;70.212;79.571
2022;3;13;69.15;70.221;76.257
2022;3;14;68.597;68.971;77.715
2022;3;15;68.319;68.984;73.686
2022;3;16;69.105;69.128;78.863
2022;3;17;68.926;69.122;77.491
2022;3;18;70.613;70.183;78.862
2022;3;19;71.522;70.349;78.632
2022;3;20;71.688;70.63;78.586
2022;3;21;73.458;71.11;82.708
2022;3;22;73.93;71.008;83.776
2022;3;23;75.373;71.131;84.678
2022;3;24;72.214;69.707;82.492
2022;3;25;78.356;77.657;80.062
2022;3;26;78.922;78.538;80.071
2022;3;27;78.676;77.603;78.755
2022;3;28;79.357;78.675;78.726
2022;3;29;78.642;78.615;77.113
2022;3;30;79.475;78.608;77.384
2022;3;31;79.338;78.568;77.384
2022;4;1;79.467;78.71;77.452
2022;4;2;79.217;78.314;77.319
2022;4;3;78.869;78.075;77.328
2022;4;4;78.899;77.49;76.676
2022;4;5;68.469;68.442;73.969
2022;4;6;68.583;68.644;75.263
2022;4;7;68.598;68.949;75.634
2022;4;8;70.458;70.242;74.773
2022;4;9;70.183;70.056;74.416
2022;4;10;70.318;70.163;74.962
2022;4;11;71.445;71.998;74.625
2022;4;12;71.696;72.31;74.578
2022;4;13;72.449;73.45;74.968
2022;4;14;72.565;73.771;72.91
2022;4;15;71.817;72.713;73.046
2022;4;16;89.348;91.611;67.187
2022;4;17;90.672;90.975;68.739
2022;4;18;91.584;90.535;67.915
2022;4;19;91.726;90.282;67.938
2022;4;20;91.736;90.299;67.936
2022;4;21;91.74;90.319;68.135
2022;4;22;91.558;90.104;67.949
2022;4;23;91.551;90.015;67.36
2022;4;24;91.501;89.717;68.006
2022;4;25;91.674;90.154;67.777
2022;4;26;91.673;90.145;67.795
2022;4;27;91.109;89.407;67.151
2022;4;28;92.064;91.176;66.801
2022;4;29;91.083;89.418;65.2
2022;4;30;90.485;88.488;64.208
2022;5;1;86.855;85.358;64.79
2022;5;2;87.1;85.433;65.017
2022;5;3;85.521;83.098;65.532
2022;5;4;85.214;82.947;65.187
2022;5;5;85.406;83.079;65.825
2022;5;6;73.38;73.636;74.908
2022;5;7;72.647;72.391;74.933
2022;5;8;71.375;70.206;74.921
2022;5;9;72.954;72.909;74.891
2022;5;10;72.972;72.962;74.954
2022;5;11;73.2;73.214;74.872
2022;5;12;74.44;71.274;67.169
2022;5;13;75.134;72.61;67.139
2022;5;14;72.249;72.935;62.529
2022;5;15;72.052;72.754;62.559
2022;5;16;72.956;73.619;62.397
2022;5;17;72.043;72.638;63.561
2022;5;18;71.872;72.43;63.46
2022;5;19;70.079;69.902;62.046
2022;5;20;71.116;71.179;62.216
2022;5;21;70.654;70.497;62.15
2022;5;22;66.49;64.659;62.569
2022;5;23;66.62;65.31;62.077
2022;5;24;70.605;61.961;65.039
2022;5;25;73.421;59.862;64.297
2022;5;26;71.886;57.038;63.532
2022;5;27;71.403;55.865;63.087
2022;5;28;72.341;57.562;63.114
2022;5;29;71.728;56.524;63.025
2022;5;30;69.453;52.296;63.068
2022;5;31;69.464;51.968;61.639
2022;6;1;69.335;52.035;61.649
2022;6;2;69.282;51.936;62.279
2022;6;3;67.829;49.2;61.286
2022;6;4;66.112;45.521;60.212
2022;6;5;66.815;46.905;59.936
2022;6;6;59.112;34.469;57.083
2022;6;7;56.967;30.525;56.335
2022;6;8;56.245;30.114;56.693
2022;6;9;56.298;30.401;56.503
2022;6;10;55.698;29.548;54.843
2022;6;11;55.899;29.842;54.784
2022;6;12;55.715;29.592;54.765
2022;6;13;49.498;20.973;55.177
2022;6;14;49.691;21.613;54.963
2022;6;15;45.754;18.887;54.948
2022;6;16;46.299;19.66;54.577
2022;6;17;48.057;18.162;55.058
2022;6;18;47.907;17.82;55.095
2022;6;19;47.988;17.963;55.087
2022;6;20;46.575;16.241;54.825
2022;6;21;46.544;16.91;54.09
2022;6;22;47.876;17.04;55.877
2022;6;23;47.458;16.368;55.835
2022;6;24;47.344;16.144;56.003
2022;6;25;45.982;14.243;55.848
2022;6;26;42.081;8.905;54.547
2022;6;27;42.118;8.798;54.645
2022;6;28;41.409;7.943;54.431
2022;6;29;41.784;8.398;54.395
2022;6;30;41.586;8.204;54.048
2022;7;1;40.918;7.175;54.25
2022;7;2;40.707;6.757;54.158
2022;7;3;41.123;7.663;54.158
2022;7;4;42.621;9.039;55.112
2022;7;5;42.89;9.49;54.873
2022;7;6;43.082;9.172;57.504
2022;7;7;41.525;8.731;55.105
2022;7;8;41.312;8.598;56.502
2022;7;9;41.63;7.597;56.396
2022;7;10;41.722;7.677;56.454
2022;7;11;41.684;7.671;56.322
2022;7;12;39.824;6.7;54.439
2022;7;13;40.074;6.296;56.233
2022;7;14;38.381;5.914;53.664
2022;7;15;40.389;6.838;53.155
2022;7;16;40.227;7.457;52.045
2022;7;17;39.65;6.432;52.312
2022;7;18;39.526;6.382;52.311
2022;7;19;40.074;7.391;48.566
2022;7;20;40.117;6.499;48.374
2022;7;21;37.966;4.599;47.467
2022;7;22;39.334;5.213;47.383
2022;7;23;38.94;5.558;47.423
2022;7;24;38.339;4.325;47.486
2022;7;25;38.615;4.63;47.018
2022;7;26;38.22;4.112;46.995
2022;7;27;38.464;4.555;47.119
2022;7;28;;;
2022;7;29;35.707;2.354;46.871
2022;7;30;35.458;2.537;47.404
2022;7;31;37.753;4.707;56.788
2022;8;1;40.457;5.735;56.087
2022;8;2;40.55;5.689;56.092
2022;8;3;40.752;6.071;56.101
2022;8;4;41.012;6.544;55.961
2022;8;5;40.359;4.944;55.958
2022;8;6;37.99;4.841;51.65
2022;8;7;37.852;4.602;51.675
2022;8;8;37.865;4.663;51.399
2022;8;9;37.126;4.286;51.199
2022;8;10;38.719;4.253;45.874
2022;8;11;37.408;3.786;44.297
2022;8;12;36.343;3.719;43.321
2022;8;13;37.07;3.966;47.926
2022;8;14;36.904;3.913;47.894
2022;8;15;37.005;3.951;45.905
2022;8;16;33.989;4.055;63.994
2022;8;17;34.142;4.467;64.729
2022;8;18;34.207;4.537;64.753
2022;8;19;34.155;4.481;64.683
2022;8;20;34.036;4.556;63.936
2022;8;21;30.688;5.011;62.021
2022;8;22;36.785;6.004;44.488
2022;8;23;37.44;4.315;43.679
2022;8;24;37.086;4.486;42.874
2022;8;25;37.238;4.578;42.865
2022;8;26;36.924;4.637;42.791
2022;8;27;38.162;4.27;43.13
2022;8;28;37.662;4.039;43.078
2022;8;29;37.35;3.783;40.937
2022;8;30;38.181;3.561;41.897
2022;8;31;37.863;3.486;41.314
2022;9;1;37.909;3.303;41.213
2022;9;2;37.461;3.326;40.786
2022;9;3;37.077;3.071;39.631
2022;9;4;37.348;2.783;40.483
2022;9;5;36.573;2.745;39.745
2022;9;6;36.322;2.633;39.729
2022;9;7;35.728;2.927;39.417
2022;9;8;35.666;2.721;39.634
2022;9;9;35.743;2.732;39.097
2022;9;10;34.788;2.771;40.444
2022;9;11;34.108;3.075;41.892
2022;9;12;34.467;3.252;42.606
2022;9;13;35.761;3.173;45.769
2022;9;14;35.294;3.593;47.47
2022;9;15;34.514;3.699;50.628
2022;9;16;35.252;3.914;48.838
2022;9;17;34.35;4.017;47.871
2022;9;18;36.736;3.657;46.279
2022;9;19;36.262;3.773;45.779
2022;9;20;36.199;3.74;45.684
2022;9;21;37.308;4.151;44.24
2022;9;22;35.388;3.859;42.303
2022;9;23;37.252;4.407;42.436
2022;9;24;33.462;7.573;40.709
2022;9;25;35.687;10.161;41.665
2022;9;26;35.837;9.524;42.534
2022;9;27;36.005;8.033;45.046
2022;9;28;37.184;8.316;45.015
2022;9;29;35.647;10.355;57.944
2022;9;30;36.211;11.616;63.487
2022;10;1;35.935;12.02;61.985
2022;10;2;38.466;13.767;66.957
2022;10;3;37.269;13.793;66.754
2022;10;4;39.387;17.407;66.752
2022;10;5;41.005;20.63;69.524
2022;10;6;40.316;20.295;66.806
2022;10;7;40.089;19.164;68.607
2022;10;8;45.759;33.2;65.099
2022;10;9;48.963;38.549;63.556
2022;10;10;54.733;51.113;66.225
2022;10;11;;;
2022;10;12;;;
2022;10;13;;;
2022;10;14;;;
2022;10;15;;;
2022;10;16;;;
2022;10;17;;;
2022;10;18;;;
2022;10;19;;;
2022;10;20;;;
2022;10;21;;;
2022;10;22;;;
2022;10;23;;;
2022;10;24;80.571;78.614;84.836
2022;10;25;80.869;79.091;84.547
2022;10;26;80.604;78.956;84.023
2022;10;27;79.994;77.101;83.869
2022;10;28;80.346;77.934;83.624
2022;10;29;80.69;77.585;83.876
2022;10;30;79.71;76.567;83.115
2022;10;31;78.539;75.56;82.729
2022;11;1;79.062;75.542;83.134
2022;11;2;79.6;76.27;82.58
2022;11;3;78.624;74.168;79.777
2022;11;4;75.012;70.766;75.634
2022;11;5;69.951;67.066;74.618
2022;11;6;65.329;64.896;80.122
2022;11;7;61.702;63.335;75.477
2022;11;8;61.674;63.321;75.566
2022;11;9;57.015;56.297;73.929
2022;11;10;56.324;55.224;73.977
2022;11;11;66.082;67.394;67.306
2022;11;12;68.958;69.402;68.542
2022;11;13;65.044;64.591;68.683
2022;11;14;65.005;64.531;68.585
2022;11;15;65.19;63.881;66.885
2022;11;16;64.75;62.962;67.596
2022;11;17;64.27;61.573;67.014
2022;11;18;59.807;54.592;65.734
2022;11;19;59.74;54.542;64.885
2022;11;20;59.658;53.7;64.824
2022;11;21;60.003;54.241;67.062
2022;11;22;58.862;53.563;68.273
2022;11;23;59.325;50.99;69.274
2022;11;24;59.719;50.474;68.027
2022;11;25;59.614;50.182;67.99
2022;11;26;52.169;49.307;82.552
2022;11;27;58.375;56.181;77.602
2022;11;28;58.057;58.114;74.053
2022;11;29;42.644;36.715;72.43
2022;11;30;41.25;35.659;72.371
2022;12;1;;;
2022;12;2;;;
2022;12;3;;;
2022;12;4;;;
2022;12;5;;;
2022;12;6;;;
2022;12;7;;;
2022;12;8;;;
2022;12;9;;;
2022;12;10;;;
2022;12;11;;;
2022;12;12;;;
2022;12;13;;;
2022;12;14;;;
2022;12;15;;;
2022;12;16;;;
2022;12;17;;;
2022;12;18;;;
2022;12;19;;;
2022;12;20;;;
2022;12;21;;;
2022;12;22;;;
2022;12;23;;;
2022;12;24;;;
2022;12;25;;;
2022;12;26;;;
2022;12;27;;;
2022;12;28;;;
2022;12;29;;;
2022;12;30;;;
2022;12;31;;;
2023;1;1;;;
2023;1;2;;;
2023;1;3;;;
2023;1;4;;;
2023;1;5;;;
2023;1;6;;;
2023;1;7;;;
2023;1;8;;;
2023;1;9;;;
2023;1;10;67.849;67.484;61.715
2023;1;11;63.233;62.352;57.167
2023;1;12;41.003;40.304;56.777
2023;1;13;41.869;41.687;55.546
2023;1;14;54.132;53.481;76.177
2023;1;15;55.119;54.558;73.761
2023;1;16;83.655;87.348;69.297
2023;1;17;81.813;84.831;72.22
2023;1;18;81.793;84.76;71.76
2023;1;19;81.993;85.086;72.17
2023;1;20;81.852;84.897;71.662
2023;1;21;82.518;85.594;69.081
2023;1;22;75.979;81.456;79.375
2023;1;23;77.801;83.94;79.107
2023;1;24;78.885;83.85;78.641
2023;1;25;77.034;81.246;78.728
2023;1;26;78.952;83.9;78.461
2023;1;27;71.911;74.819;86.12
2023;1;28;71.426;73.887;86.43
2023;1;29;71.918;73.905;86.333
2023;1;30;72.673;73.583;88.203
2023;1;31;73.32;74.4;88.353
2023;2;1;72.46;73.837;86.23
2023;2;2;71.095;71.62;87.863
2023;2;3;70.98;71.672;87.761
2023;2;4;72.389;72.316;86.68
2023;2;5;71.192;71.73;88.177
2023;2;6;71.244;71.872;87.507
2023;2;7;74.185;76.005;83.951
2023;2;8;72.889;74.395;84.402
2023;2;9;74.184;75.967;82.713
2023;2;10;72.411;74.649;78.508
2023;2;11;73.238;75.79;76.153
2023;2;12;72.396;74.699;78.956
2023;2;13;69.951;70.982;77.917
2023;2;14;67.031;67.286;78.18
2023;2;15;64.151;63.594;75.76
2023;2;16;65.211;65.493;75.829
2023;2;17;64.329;64.303;81.074
2023;2;18;65.784;65.584;84.963
2023;2;19;68.459;68.758;84.917
2023;2;20;69.605;70.417;84.423
2023;2;21;71.028;72.671;84.848
2023;2;22;72.129;74.501;83.243
2023;2;23;74.196;76.638;82.868
2023;2;24;75.139;77.1;76.727
2023;2;25;74.903;77.101;78.567
2023;2;26;75.564;78.007;78.226
2023;2;27;75.96;79.421;78.133
2023;2;28;76.94;81.131;75.474
2023;3;1;74.822;79.718;69.625
2023;3;2;;;
2023;3;3;;;
2023;3;4;72.985;79.534;62.875
2023;3;5;69.508;75.801;60.733
2023;3;6;54.789;54.254;56.694
2023;3;7;53.375;54.058;53.245
2023;3;8;65.224;61.431;67.62
2023;3;9;53.644;54.612;51.237
2023;3;10;57.715;60.672;51.633
2023;3;11;60.907;64.149;60.298
2023;3;12;61.923;65.474;59.698
2023;3;13;62.174;65.687;58.346
2023;3;14;64.493;67.099;65.053
2023;3;15;67.587;69.074;71.044
2023;3;16;67.761;69.042;71.167
2023;3;17;65.068;68.966;59.073
2023;3;18;65.731;69.643;59.135
2023;3;19;66.09;69.862;59.925
2023;3;20;65.997;69.534;60.846
2023;3;21;67.324;71.379;61.12
2023;3;22;66.886;70.419;60.275
2023;3;23;66.815;70.407;59.755
2023;3;24;70.016;70.59;72.96
2023;3;25;65.714;64.837;75.577
2023;3;26;65.389;65.143;74.902
2023;3;27;65.178;64.9;75.142
2023;3;28;80.783;79.514;71.534
2023;3;29;81.599;80.841;71.654
2023;3;30;81.307;80.491;71.577
2023;3;31;83.999;85.752;70.4
2023;4;1;81.651;84.964;70.47
2023;4;2;81.641;84.455;70.683
2023;4;3;81.44;84.122;71.32
2023;4;4;81.192;84.125;72.466
2023;4;5;81.092;84.017;71.52
2023;4;6;77.338;81.408;73.804
2023;4;7;77.305;80.379;74.577
2023;4;8;76.776;79.727;75.719
2023;4;9;76.753;79.741;75.784
2023;4;10;75.713;79.282;74.752
2023;4;11;75.327;78.716;74.815
2023;4;12;73.552;75.484;71.258
2023;4;13;73.865;75.289;71.671
2023;4;14;84.293;81.193;69.77
2023;4;15;87.701;84.547;67.892
2023;4;16;88.497;85.568;67.839
2023;4;17;89.761;86.787;66.872
2023;4;18;89.7;86.794;66.857
2023;4;19;90.148;86.963;67.462
2023;4;20;90.087;87.249;65.922
2023;4;21;89.133;85.505;67.452
2023;4;22;89.239;85.588;67.154
2023;4;23;83.835;77.792;68.086
2023;4;24;85.913;80.585;67.58
2023;4;25;80.777;74.327;67.352
2023;4;26;72.11;70.329;76.871
2023;4;27;73.018;71.521;76.607
2023;4;28;72.635;71.027;76.155
2023;4;29;72.163;70.954;72.901
2023;4;30;71.728;70.265;73.036
2023;5;1;71.457;69.927;72.816
2023;5;2;;;
2023;5;3;;;
2023;5;4;70.636;68.378;72.916
2023;5;5;71.95;70.54;72.805
2023;5;6;73.466;70.458;75.917
2023;5;7;73.482;70.506;75.988
2023;5;8;73.399;70.395;75.963
2023;5;9;72.417;59.794;60.098
2023;5;10;77.276;67.164;59.536
2023;5;11;77.575;67.157;59.87
2023;5;12;77.494;67.453;59.817
2023;5;13;77.533;67.595;59.831
2023;5;14;75.904;65.225;59.792
2023;5;15;75.291;64.17;59.087
2023;5;16;72.959;60.173;61.718
2023;5;17;69.303;55.53;62.857
2023;5;18;68.916;57.149;62.573
2023;5;19;61.231;41.764;62.643
2023;5;20;61.409;41.498;62.115
2023;5;21;60.597;41.169;62.334
2023;5;22;59.954;38.879;62.253
2023;5;23;59.098;37.639;60.772
2023;5;24;57.704;37.688;61.932
2023;5;25;58.464;37.596;60.652
2023;5;26;56.109;35.855;61.348
2023;5;27;56.696;36.075;61.266
2023;5;28;57.706;36.621;60.552
2023;5;29;49.888;22.512;52.132
2023;5;30;46.203;13.901;48.42
2023;5;31;45.038;12.231;48.299
2023;6;1;44.874;12.121;48.355
2023;6;2;43.901;10.419;48.449
2023;6;3;42.648;7.939;48.069
2023;6;4;41.899;6.983;47.567
2023;6;5;;;
2023;6;6;41.046;5.678;47.326
2023;6;7;40.918;6.005;46.983
2023;6;8;40.678;5.505;47.129
2023;6;9;39.147;5.384;46.532
2023;6;10;38.202;5.101;46.083
2023;6;11;38.105;5.03;45.348
2023;6;12;37.382;3.869;44.215
2023;6;13;38.247;3.081;44.026
2023;6;14;38.696;3.456;43.277
2023;6;15;37.135;2.738;43.958
2023;6;16;38.023;2.683;43.405
2023;6;17;38.276;2.9;43.29
2023;6;18;37.397;2.579;42.965
2023;6;19;37.371;2.566;42.503
2023;6;20;33.753;2.257;42.554
2023;6;21;35.266;2.677;42.514
2023;6;22;35.014;3.016;42.352
2023;6;23;36.968;3.457;41.999
2023;6;24;36.344;4.549;43.697
2023;6;25;34.27;11.594;48.427
2023;6;26;34.126;11.09;47.025
2023;6;27;34.041;10.102;48.083
2023;6;28;44.834;24.406;46.326
2023;6;29;42.919;20.083;46.058
2023;6;30;;;
2023;7;1;40.386;15.651;41.83
2023;7;2;40.743;15.509;42.125
2023;7;3;41.234;16.367;42.74
2023;7;4;39.662;14.131;42.474
2023;7;5;36.082;13.731;38.471
2023;7;6;34.239;10.497;40.144
2023;7;7;34.23;9.813;39.712
2023;7;8;;;
2023;7;9;25.707;8.499;33.929
2023;7;10;25.207;9.549;35.11
2023;7;11;23.508;8.773;30.407
2023;7;12;24.18;8.858;30.332
2023;7;13;28.946;3.195;37.046
2023;7;14;31.772;6.668;36.7
2023;7;15;;;
2023;7;16;32.199;6.968;37.393
2023;7;17;32.225;6.775;38.063
2023;7;18;35.517;3.411;43.184
2023;7;19;35.518;3.41;43.149
2023;7;20;35.962;2.911;44.746
2023;7;21;36.325;3.281;44.13
2023;7;22;35.658;3.462;43.29
2023;7;23;34.339;2.665;43.348
2023;7;24;34.4;2.677;43.377
2023;7;25;34.207;2.547;43.591
2023;7;26;38.049;6.963;44.714
2023;7;27;33.61;22.871;33.442
2023;7;28;33.543;1.672;34.38
2023;7;29;33.521;1.663;34.376
2023;7;30;33.594;1.677;34.422
2023;7;31;32.656;1.663;34.904
2023;8;1;34.35;1.364;34.597
2023;8;2;33.838;1.889;34.707
2023;8;3;33.495;1.92;34.872
2023;8;4;34.263;1.725;34.763
2023;8;5;34.233;1.82;34.868
2023;8;6;34.524;1.698;34.977
2023;8;7;33.495;2.143;34.738
2023;8;8;33.499;2.293;34.805
2023;8;9;33.779;2.287;34.038
2023;8;10;32.018;2.044;33.726
2023;8;11;29.718;1.988;30.075
2023;8;12;30.611;1.59;32.56
2023;8;13;30.16;1.462;32.304
2023;8;14;32.771;1.413;31.971
2023;8;15;33.785;1.464;31.121
2023;8;16;31.399;1.695;31.04
2023;8;17;;;
2023;8;18;31.13;1.21;31.552
2023;8;19;32.522;1.429;31.731
2023;8;20;28.572;1.287;30.705
2023;8;21;21.106;2.798;30.734
2023;8;22;21.116;3.333;30.34
2023;8;23;27.62;1.329;28.022
2023;8;24;29.004;1.101;28.839
2023;8;25;33.501;1.008;27.525
2023;8;26;29.041;1.455;28.235
2023;8;27;28.683;1.614;28.834
2023;8;28;31.94;1.428;28.958
2023;8;29;31.718;1.347;29.084
2023;8;30;33.947;1.553;31.489
2023;8;31;34.863;1.66;31.8
2023;9;1;34.651;1.473;30.38
2023;9;2;35.261;2.042;32.485
2023;9;3;;;
2023;9;4;;;
2023;9;5;35.635;1.525;33.313
2023;9;6;35.243;1.878;35.628
2023;9;7;35.484;2.658;35.323
2023;9;8;35.705;2.592;34.177
2023;9;9;36.151;2.625;34.471
2023;9;10;37.349;6.179;35.725
2023;9;11;54.189;38.861;59.444
2023;9;12;59.048;45.695;68.565
2023;9;13;48.219;29.245;59.793
2023;9;14;52.285;34.756;63.931
2023;9;15;47.496;22.724;64.302
2023;9;16;51.915;34.405;64.327
2023;9;17;46.362;25.294;64.53
2023;9;18;38.134;9.362;61.194
2023;9;19;42.32;11.917;63.467
2023;9;20;40.96;9.712;63.636
2023;9;21;46.701;35.455;61.496
2023;9;22;45.137;32.639;62.414
2023;9;23;49.788;37.389;72.414
2023;9;24;50.027;37.675;72.201
2023;9;25;49.806;37.215;71.848
2023;9;26;50.164;32.087;68.611
2023;9;27;48.062;27.772;67.578
2023;9;28;49.756;29.883;67.365
2023;9;29;48.975;30.43;65.857
2023;9;30;48.69;29.772;65.851
2023;10;1;48.684;29.838;65.76
2023;10;2;60.471;45.559;77.815
2023;10;3;61.155;44.821;81.817
2023;10;4;60.491;44.866;80.443
2023;10;5;61.364;45.063;81.928
2023;10;6;61.379;45.127;81.88
2023;10;7;62.049;45.375;81.207
2023;10;8;60.178;44.04;81.056
2023;10;9;60.881;44.211;81.758
2023;10;10;62.779;48.476;78.9
2023;10;11;65.039;54.578;70.862
2023;10;12;65.853;53.695;79.004
2023;10;13;63.534;61.493;42.892
2023;10;14;62.568;62.364;26.633
2023;10;15;63.09;63.018;28.843
2023;10;16;64.379;62.798;49.454
2023;10;17;65.812;63.462;82.036
2023;10;18;65.916;63.84;81.985
2023;10;19;66.421;64.804;81.733
2023;10;20;71.265;68.798;84.385
2023;10;21;70.198;67.556;83.721
2023;10;22;70.189;66.934;84.562
2023;10;23;70.304;67.168;84.468
2023;10;24;70.727;67.049;83.577
2023;10;25;72.979;72.338;81.278
2023;10;26;70.311;67.143;84.241
2023;10;27;70.094;66.84;85.749
2023;10;28;74.208;72.452;84.875
2023;10;29;74.25;72.559;84.756
2023;10;30;75.266;73.417;85.1
2023;10;31;74.475;72.874;83.869
2023;11;1;73.236;71.507;85.37
2023;11;2;72.909;70.646;85.49
2023;11;3;74.9;73.036;85.74
2023;11;4;75.129;73.054;87.891
2023;11;5;73.865;71.707;82.266
2023;11;6;57.865;58.773;70.721
2023;11;7;58.362;59.189;76.982
2023;11;8;64.987;68.234;73.722
2023;11;9;75.132;76.83;80.79
2023;11;10;76.173;75.954;83.034
2023;11;11;70.633;71.213;82.237
2023;11;12;72.356;72.655;83.638
2023;11;13;72.048;72.075;81.428
2023;11;14;72.086;72.563;81.052
2023;11;15;73.426;71.619;77.705
2023;11;16;72.426;68.931;75.199
2023;11;17;71.904;68.888;75.923
2023;11;18;72.565;69.173;75.438
2023;11;19;72.88;69.678;75.337
2023;11;20;75.481;73.255;76.165
2023;11;21;;;
2023;11;22;74.123;73.195;80.382
2023;11;23;74.575;73.203;57.673
2023;11;24;74.58;73.178;58.642
2023;11;25;74.534;73.218;60.386
2023;11;26;74.767;73.557;61.251
2023;11;27;74.573;73.761;81.856
2023;11;28;65.795;64.02;50.663
2023;11;29;51.039;49.564;70.054
2023;11;30;51.89;50.896;71.848
2023;12;1;;;
2023;12;2;39.169;37.123;50.233
2023;12;3;13.83;13.864;61.308
2023;12;4;;;
2023;12;5;;;
2023;12;6;;;
2023;12;7;;;
2023;12;8;;;
2023;12;9;;;
2023;12;10;;;
2023;12;11;;;
2023;12;12;;;
2023;12;13;;;
2023;12;14;;;
2023;12;15;;;
2023;12;16;;;
2023;12;17;;;
2023;12;18;;;
2023;12;19;;;
2023;12;20;;;
2023;12;21;;;
2023;12;22;;;
2023;12;23;;;
2023;12;24;;;
2023;12;25;;;
2023;12;26;;;
2023;12;27;;;
2023;12;28;;;
2023;12;29;;;
2023;12;30;;;
2023;12;31;;;
2024;1;1;;;
2024;1;2;;;
2024;1;3;;;
2024;1;4;;;
2024;1;5;;;
2024;1;6;;;
2024;1;7;;;
2024;1;8;;;
2024;1;9;;;
2024;1;10;;;
2024;1;11;;;
2024;1;12;;;
2024;1;13;;;
2024;1;14;;;
2024;1;15;;;
2024;1;16;;;
2024;1;17;;;
2024;1;18;;;
2024;1;19;;;
2024;1;20;;;
2024;1;21;;;
2024;1;22;;;
2024;1;23;;;
2024;1;24;;;
2024;1;25;77.082;77.018;71.312
2024;1;26;74.095;75.965;77.442
2024;1;27;71.636;70.764;73.451
2024;1;28;77.354;79.772;72.741
2024;1;29;77.153;80.006;77.323
2024;1;30;77.51;79.905;76.463
2024;1;31;74.77;76.926;78.472
2024;2;1;75.719;77.71;77.057
2024;2;2;77.726;80.793;76.03
2024;2;3;76.525;79.124;78.651
2024;2;4;76.371;78.687;77.865
2024;2;5;73.432;75.175;78.972
2024;2;6;75.493;77.237;74.321
2024;2;7;76.193;78.065;78.806
2024;2;8;75.14;77.64;81.02
2024;2;9;;;
2024;2;10;55.631;56.398;81.152
2024;2;11;55.652;56.489;82.279
2024;2;12;53.898;55.286;81.858
2024;2;13;70.437;70.546;86.563
2024;2;14;70.219;70.876;86.402
2024;2;15;70.278;70.917;86.503
2024;2;16;71.585;71.827;86.469
2024;2;17;72.525;72.131;86.744
2024;2;18;74.072;74.171;86.373
2024;2;19;74.607;75.371;85.979
2024;2;20;;;
2024;2;21;77.64;78.401;87.002
2024;2;22;80.727;84.104;87.312
2024;2;23;;;
2024;2;24;75.893;78.428;86.408
2024;2;25;58.053;65.778;84.547
2024;2;26;64.917;67.053;80.247
2024;2;27;67.135;70.151;81.096
2024;2;28;;;
2024;2;29;;;
2024;3;1;;;
2024;3;2;68.48;71.711;75.496
2024;3;3;70.184;72.541;73.537
2024;3;4;73.109;77.177;75.522
2024;3;5;74.747;77.728;70.538
2024;3;6;74.759;77.736;70.599
2024;3;7;73.557;76.201;73.258
2024;3;8;74.536;78.494;74.728
2024;3;9;75.225;78.705;78.206
2024;3;10;70.109;69.112;77.862
2024;3;11;69.757;68.477;77.983
2024;3;12;69.499;68.417;76.918
2024;3;13;69.816;68.856;80.214
2024;3;14;69.905;69.203;82.609
2024;3;15;73.896;72.297;68.707
2024;3;16;74.484;72.454;64.769
2024;3;17;72.818;71.647;70.23
2024;3;18;75.831;75.107;77.678
2024;3;19;80.536;80.971;78.234
2024;3;20;76.556;75.881;76.704
2024;3;21;76.146;75.486;75.956
2024;3;22;79.837;80.894;74.909
2024;3;23;83.88;85.411;80.572
2024;3;24;84.62;83.639;80.69
2024;3;25;65.232;66.206;55.571
2024;3;26;65.15;66.099;55.315
2024;3;27;63.468;65.171;52.619
2024;3;28;68.525;68.012;69.603
2024;3;29;68.204;67.914;70.744
2024;3;30;68.215;67.938;69.334
2024;3;31;67.897;67.534;69.092
2024;4;1;66.491;67.108;62.049
2024;4;2;71.43;73.3;77.891
2024;4;3;73.6;75.065;83.486
2024;4;4;78.005;80.733;87.35
2024;4;5;76.422;78.351;87.221
2024;4;6;78.007;80.733;87.34
2024;4;7;78.006;80.733;87.328
2024;4;8;78.002;80.733;87.337
2024;4;9;78.142;80.807;87.668
2024;4;10;72.933;73.249;73.477
2024;4;11;72.228;72.094;72.339
2024;4;12;72.183;72.083;72.533
2024;4;13;72.526;72.63;72.516
2024;4;14;72.472;72.549;72.41
2024;4;15;72.48;72.551;72.46
2024;4;16;;;
2024;4;17;;;
2024;4;18;92.748;93.688;73.369
2024;4;19;;;
2024;4;20;;;
2024;4;21;92.97;93.686;73.091
2024;4;22;92.298;92.805;71.645
2024;4;23;92.046;92.78;71.474
2024;4;24;92.831;93.592;71.563
2024;4;25;92.575;93.122;71.32
2024;4;26;92.586;93.139;71.338
2024;4;27;92.273;92.724;71.116
2024;4;28;92.354;92.535;69.286
2024;4;29;93.881;94.325;71.646
2024;4;30;79.383;82.687;61.315
2024;5;1;80.372;82.834;67.405
2024;5;2;77.451;78.077;72.038
2024;5;3;77.573;77.998;71.823
2024;5;4;78.449;78.808;70.057
2024;5;5;93.885;93.95;67.965
2024;5;6;93.748;93.955;68.002
2024;5;7;82.287;88.153;69.614
2024;5;8;81.368;85.248;69.473
2024;5;9;83.362;86.623;68.068
2024;5;10;83.695;87.519;68.39
2024;5;11;84.217;87.692;68.386
2024;5;12;82.217;85.909;67.797
2024;5;13;81.862;85.644;70.431
2024;5;14;82.688;86.849;69.708
2024;5;15;85.07;87.705;69.314
2024;5;16;85.62;87.415;68.92
2024;5;17;84.542;87.585;69.255
2024;5;18;84.94;87.622;69.761
2024;5;19;85.017;87.337;69.927
2024;5;20;87.026;86.786;68.623
2024;5;21;87.969;86.161;66.087
2024;5;22;88.28;86.692;63.022
2024;5;23;89.503;87.543;64.538
2024;5;24;87.685;85.663;64.941
2024;5;25;87.567;85.578;64.853
2024;5;26;87.734;85.637;62.811
2024;5;27;87.908;85.796;61.745
2024;5;28;88.165;85.502;63.682
2024;5;29;80.271;73.306;63.181
2024;5;30;80.815;74.111;64.648
2024;5;31;79.777;72.19;62.994
2024;6;1;75.818;64.125;61.237
2024;6;2;71.812;57.657;60.924
2024;6;3;73.165;60.466;62.326
2024;6;4;72.958;60.085;62.567
2024;6;5;69.932;53.71;56.658
2024;6;6;69.988;53.792;56.588
2024;6;7;69.508;52.845;56.68
2024;6;8;69.515;62.334;62.266
2024;6;9;70.277;63.454;63.83
2024;6;10;66.37;46.736;60.775
2024;6;11;;;
2024;6;12;65.089;44.879;60.843
2024;6;13;61.487;38.719;58.563
2024;6;14;61.114;37.708;57.892
2024;6;15;61.197;38.701;58.359
2024;6;16;59.841;35.849;56.255
2024;6;17;57.948;32.45;50.528
2024;6;18;;;
2024;6;19;54.894;28.184;48.52
2024;6;20;53.609;26.417;39.52
2024;6;21;52.991;25.019;38.787
2024;6;22;47.648;15.858;48.583
2024;6;23;47.604;16.087;50.498
2024;6;24;46.649;14.32;47.252
2024;6;25;45.355;12.497;48.068
2024;6;26;44.7;10.909;48.059
2024;6;27;45.234;12.329;48.038
2024;6;28;45.476;12.731;48.095
2024;6;29;43.32;10.994;47.031
2024;6;30;41.25;7.743;49.314
2024;7;1;42.502;7.653;52.37
2024;7;2;43.287;8.998;52.527
2024;7;3;43.297;9.015;52.554
2024;7;4;42.965;8.488;52.518
2024;7;5;43.047;8.607;52.51
2024;7;6;39.102;6.504;52.177
2024;7;7;36.815;4.749;51.447
2024;7;8;;;
2024;7;9;;;
2024;7;10;38.835;4.267;48.087
2024;7;11;38.76;4.176;48.429
2024;7;12;;;
2024;7;13;38.7;3.691;45.993
2024;7;14;38.259;3.342;41.637
2024;7;15;37.951;3.074;41.745
2024;7;16;36.954;2.582;40.294
2024;7;17;36.848;2.497;40.533
2024;7;18;36.582;2.451;40.196
2024;7;19;36.601;2.46;40.033
2024;7;20;35.47;2.415;40.558
2024;7;21;33.157;3.43;35.542
2024;7;22;30.73;9.366;31.231
2024;7;23;30.864;9.025;31.401
2024;7;24;30.965;9.519;30.862
2024;7;25;26.295;5.491;42.04
2024;7;26;25.348;7.172;39.944
2024;7;27;43.638;34.677;45.141
2024;7;28;36.317;24.536;44.399
2024;7;29;35.472;22.546;41.12
2024;7;30;37.227;4.541;36.357
2024;7;31;36.588;3.243;36.217
2024;8;1;;;
2024;8;2;37.415;4.631;36.121
2024;8;3;35.36;3.261;36.067
2024;8;4;35.26;3.0;36.325
2024;8;5;36.016;3.298;36.253
2024;8;6;22.049;7.635;29.885
2024;8;7;22.469;7.22;29.564
2024;8;8;29.344;6.894;35.128
2024;8;9;31.243;5.241;35.608
2024;8;10;31.996;5.281;35.171
2024;8;11;31.409;5.414;34.963
2024;8;12;31.483;5.358;34.908
2024;8;13;31.674;4.623;34.622
2024;8;14;31.649;3.805;34.465
2024;8;15;31.393;3.497;33.853
2024;8;16;;;
2024;8;17;29.562;2.96;33.932
2024;8;18;29.489;3.239;32.89
2024;8;19;31.489;4.319;33.953
2024;8;20;31.425;4.183;33.815
2024;8;21;46.128;30.918;41.14
2024;8;22;44.462;28.536;42.022
2024;8;23;59.195;56.698;58.101
2024;8;24;53.443;52.526;43.384
2024;8;25;51.687;32.948;57.906
2024;8;26;56.09;32.287;68.475
2024;8;27;55.248;31.698;67.854
2024;8;28;56.525;31.46;69.543
2024;8;29;47.469;25.891;55.879
2024;8;30;47.038;26.048;56.147
2024;8;31;50.103;26.745;61.453
2024;9;1;28.048;8.017;32.42
2024;9;2;27.94;8.104;33.306
2024;9;3;29.34;8.738;34.619
2024;9;4;33.678;5.954;35.747
2024;9;5;36.525;3.632;32.716
2024;9;6;36.744;3.226;31.302
2024;9;7;37.439;3.388;33.327
2024;9;8;37.467;3.157;33.414
2024;9;9;37.301;3.258;33.305
2024;9;10;39.006;6.244;33.208
2024;9;11;42.836;15.862;32.73
2024;9;12;58.612;47.001;54.04
2024;9;13;53.615;38.026;51.764
2024;9;14;67.587;63.572;61.085
2024;9;15;67.662;63.597;61.433
2024;9;16;68.249;62.952;65.99
2024;9;17;64.636;49.122;62.386
2024;9;18;48.79;23.937;52.73
2024;9;19;50.07;22.455;50.202
2024;9;20;46.289;16.363;49.762
2024;9;21;46.143;16.22;49.714
2024;9;22;46.298;16.381;49.735
2024;9;23;43.308;14.006;47.224
2024;9;24;;;
2024;9;25;49.424;25.078;47.954
2024;9;26;53.025;32.027;68.698
2024;9;27;58.497;41.372;70.966
2024;9;28;58.503;41.156;71.189
2024;9;29;65.556;59.028;76.354
2024;9;30;69.924;59.365;77.254
2024;10;1;67.756;57.627;77.158
2024;10;2;67.744;58.815;77.047
2024;10;3;70.313;67.269;76.162
2024;10;4;70.039;66.853;76.344
2024;10;5;70.202;67.383;75.122
2024;10;6;70.995;68.999;74.269
2024;10;7;71.493;70.92;74.82
2024;10;8;73.603;72.864;74.729
2024;10;9;71.615;71.249;75.388
2024;10;10;71.463;71.648;73.134
2024;10;11;;;
2024;10;12;72.602;72.784;80.24
2024;10;13;;;
2024;10;14;;;
2024;10;15;71.654;73.183;73.444
2024;10;16;;;
2024;10;17;;;
2024;10;18;;;
2024;10;19;;;
2024;10;20;;;
2024;10;21;;;
2024;10;22;;;
2024;10;23;;;
2024;10;24;;;
2024;10;25;;;
2024;10;26;;;
2024;10;27;;;
2024;10;28;;;
2024;10;29;;;
2024;10;30;;;
2024;10;31;;;
2024;11;1;;;
2024;11;2;;;
2024;11;3;;;
2024;11;4;;;
2024;11;5;;;
2024;11;6;;;
2024;11;7;;;
2024;11;8;;;
2024;11;9;;;
2024;11;10;;;
2024;11;11;;;
2024;11;12;;;
2024;11;13;;;
2024;11;14;;;
2024;11;15;;;
2024;11;16;;;
2024;11;17;;;
2024;11;18;53.728;53.73;77.103
2024;11;19;53.688;54.046;76.691
2024;11;20;53.764;53.737;75.039
2024;11;21;53.717;53.963;76.624
2024;11;22;53.689;54.01;75.609
2024;11;23;53.738;53.893;75.303
2024;11;24;54.306;54.528;64.468
2024;11;25;54.439;54.425;65.012
2024;11;26;51.316;49.286;65.756
2024;11;27;53.281;51.98;42.047
2024;11;28;26.651;21.922;45.745
2024;11;29;27.386;23.117;46.37
2024;11;30;26.294;24.699;30.531
2024;12;1;23.619;23.152;29.994
2024;12;2;35.205;34.156;45.562
