YYYY;MM;DD;fsca_full_watershed;fsca_outside_glaciers;glacier_albedo
2000;2;24;87.999;87.999;
2000;2;25;88.053;88.053;
2000;2;26;86.271;86.271;
2000;2;27;85.661;85.661;
2000;2;28;85.979;85.979;
2000;2;29;89.613;89.613;
2000;3;1;88.723;88.723;
2000;3;2;88.697;88.697;
2000;3;3;87.355;87.355;
2000;3;4;88.682;88.682;
2000;3;5;89.847;89.847;
2000;3;6;87.334;87.334;
2000;3;7;88.424;88.424;
2000;3;8;87.316;87.316;
2000;3;9;89.151;89.151;
2000;3;10;90.3;90.3;
2000;3;11;86.423;86.423;
2000;3;12;81.193;81.193;
2000;3;13;79.486;79.486;
2000;3;14;80.654;80.654;
2000;3;15;74.772;74.772;
2000;3;16;71.714;71.714;
2000;3;17;72.501;72.501;
2000;3;18;71.852;71.852;
2000;3;19;71.873;71.873;
2000;3;20;71.783;71.783;
2000;3;21;71.927;71.927;
2000;3;22;71.701;71.701;
2000;3;23;69.659;69.659;
2000;3;24;71.902;71.902;
2000;3;25;72.083;72.083;
2000;3;26;71.929;71.929;
2000;3;27;66.468;66.468;
2000;3;28;64.12;64.12;
2000;3;29;63.213;63.213;
2000;3;30;62.996;62.996;
2000;3;31;66.154;66.154;
2000;4;1;63.759;63.759;
2000;4;2;63.702;63.702;
2000;4;3;63.951;63.951;
2000;4;4;63.743;63.743;
2000;4;5;63.21;63.21;
2000;4;6;57.497;57.497;
2000;4;7;53.288;53.288;
2000;4;8;;;
2000;4;9;60.708;60.708;
2000;4;10;50.21;50.21;
2000;4;11;40.403;40.403;
2000;4;12;40.384;40.384;
2000;4;13;39.029;39.029;
2000;4;14;38.754;38.754;
2000;4;15;36.004;36.004;
2000;4;16;12.285;12.285;
2000;4;17;11.319;11.319;
2000;4;18;5.97;5.97;
2000;4;19;5.908;5.908;
2000;4;20;6.008;6.008;
2000;4;21;4.903;4.903;
2000;4;22;4.829;4.829;
2000;4;23;4.948;4.948;
2000;4;24;1.889;1.889;
2000;4;25;1.823;1.823;
2000;4;26;3.196;3.196;
2000;4;27;0.001;0.001;
2000;4;28;0.018;0.018;
2000;4;29;0.0;0.0;
2000;4;30;0.0;0.0;
2000;5;1;0.0;0.0;
2000;5;2;0.0;0.0;
2000;5;3;0.0;0.0;
2000;5;4;0.0;0.0;
2000;5;5;0.0;0.0;
2000;5;6;0.0;0.0;
2000;5;7;0.0;0.0;
2000;5;8;1.301;1.301;
2000;5;9;1.19;1.19;
2000;5;10;0.984;0.984;
2000;5;11;0.959;0.959;
2000;5;12;0.048;0.048;
2000;5;13;0.0;0.0;
2000;5;14;0.0;0.0;
2000;5;15;0.0;0.0;
2000;5;16;0.0;0.0;
2000;5;17;0.0;0.0;
2000;5;18;0.0;0.0;
2000;5;19;0.0;0.0;
2000;5;20;0.0;0.0;
2000;5;21;0.0;0.0;
2000;5;22;0.0;0.0;
2000;5;23;0.0;0.0;
2000;5;24;0.0;0.0;
2000;5;25;0.0;0.0;
2000;5;26;0.0;0.0;
2000;5;27;0.044;0.044;
2000;5;28;0.246;0.246;
2000;5;29;0.227;0.227;
2000;5;30;0.233;0.233;
2000;5;31;1.063;1.063;
2000;6;1;1.527;1.527;
2000;6;2;1.101;1.101;
2000;6;3;0.236;0.236;
2000;6;4;0.236;0.236;
2000;6;5;0.218;0.218;
2000;6;6;0.248;0.248;
2000;6;7;0.214;0.214;
2000;6;8;0.0;0.0;
2000;6;9;0.0;0.0;
2000;6;10;0.0;0.0;
2000;6;11;0.0;0.0;
2000;6;12;0.0;0.0;
2000;6;13;0.0;0.0;
2000;6;14;0.0;0.0;
2000;6;15;0.0;0.0;
2000;6;16;0.0;0.0;
2000;6;17;0.0;0.0;
2000;6;18;0.0;0.0;
2000;6;19;0.0;0.0;
2000;6;20;0.0;0.0;
2000;6;21;0.0;0.0;
2000;6;22;0.0;0.0;
2000;6;23;0.0;0.0;
2000;6;24;0.0;0.0;
2000;6;25;0.0;0.0;
2000;6;26;0.0;0.0;
2000;6;27;0.0;0.0;
2000;6;28;0.0;0.0;
2000;6;29;0.0;0.0;
2000;6;30;0.0;0.0;
2000;7;1;0.0;0.0;
2000;7;2;0.0;0.0;
2000;7;3;0.0;0.0;
2000;7;4;0.0;0.0;
2000;7;5;0.0;0.0;
2000;7;6;0.0;0.0;
2000;7;7;0.0;0.0;
2000;7;8;0.0;0.0;
2000;7;9;0.0;0.0;
2000;7;10;0.0;0.0;
2000;7;11;0.0;0.0;
2000;7;12;0.0;0.0;
2000;7;13;0.0;0.0;
2000;7;14;0.0;0.0;
2000;7;15;0.0;0.0;
2000;7;16;21.683;21.683;
2000;7;17;15.225;15.225;
2000;7;18;18.249;18.249;
2000;7;19;20.384;20.384;
2000;7;20;0.0;0.0;
2000;7;21;0.0;0.0;
2000;7;22;0.0;0.0;
2000;7;23;0.0;0.0;
2000;7;24;0.0;0.0;
2000;7;25;0.0;0.0;
2000;7;26;0.0;0.0;
2000;7;27;0.0;0.0;
2000;7;28;0.0;0.0;
2000;7;29;0.0;0.0;
2000;7;30;0.0;0.0;
2000;7;31;0.0;0.0;
2000;8;1;0.0;0.0;
2000;8;2;0.0;0.0;
2000;8;3;0.0;0.0;
2000;8;4;0.0;0.0;
2000;8;5;0.0;0.0;
2000;8;6;;;
2000;8;7;;;
2000;8;8;;;
2000;8;9;;;
2000;8;10;;;
2000;8;11;;;
2000;8;12;;;
2000;8;13;;;
2000;8;14;;;
2000;8;15;;;
2000;8;16;;;
2000;8;17;;;
2000;8;18;0.0;0.0;
2000;8;19;0.0;0.0;
2000;8;20;0.018;0.018;
2000;8;21;0.023;0.023;
2000;8;22;0.042;0.042;
2000;8;23;0.0;0.0;
2000;8;24;0.0;0.0;
2000;8;25;0.0;0.0;
2000;8;26;0.0;0.0;
2000;8;27;0.0;0.0;
2000;8;28;0.0;0.0;
2000;8;29;0.0;0.0;
2000;8;30;0.0;0.0;
2000;8;31;0.0;0.0;
2000;9;1;0.0;0.0;
2000;9;2;0.0;0.0;
2000;9;3;0.0;0.0;
2000;9;4;0.0;0.0;
2000;9;5;0.0;0.0;
2000;9;6;0.0;0.0;
2000;9;7;0.0;0.0;
2000;9;8;0.0;0.0;
2000;9;9;0.0;0.0;
2000;9;10;0.0;0.0;
2000;9;11;0.0;0.0;
2000;9;12;0.0;0.0;
2000;9;13;0.0;0.0;
2000;9;14;0.0;0.0;
2000;9;15;0.0;0.0;
2000;9;16;0.0;0.0;
2000;9;17;0.0;0.0;
2000;9;18;0.0;0.0;
2000;9;19;0.0;0.0;
2000;9;20;0.0;0.0;
2000;9;21;0.0;0.0;
2000;9;22;0.0;0.0;
2000;9;23;0.0;0.0;
2000;9;24;0.0;0.0;
2000;9;25;0.0;0.0;
2000;9;26;0.0;0.0;
2000;9;27;0.0;0.0;
2000;9;28;0.0;0.0;
2000;9;29;0.0;0.0;
2000;9;30;0.0;0.0;
2000;10;1;0.0;0.0;
2000;10;2;0.0;0.0;
2000;10;3;0.0;0.0;
2000;10;4;0.0;0.0;
2000;10;5;0.0;0.0;
2000;10;6;0.0;0.0;
2000;10;7;0.0;0.0;
2000;10;8;0.0;0.0;
2000;10;9;0.0;0.0;
2000;10;10;0.0;0.0;
2000;10;11;0.0;0.0;
2000;10;12;0.0;0.0;
2000;10;13;1.026;1.026;
2000;10;14;3.473;3.473;
2000;10;15;1.562;1.562;
2000;10;16;5.756;5.756;
2000;10;17;10.932;10.932;
2000;10;18;20.201;20.201;
2000;10;19;15.825;15.825;
2000;10;20;14.727;14.727;
2000;10;21;18.496;18.496;
2000;10;22;15.248;15.248;
2000;10;23;15.976;15.976;
2000;10;24;11.231;11.231;
2000;10;25;12.996;12.996;
2000;10;26;17.912;17.912;
2000;10;27;20.021;20.021;
2000;10;28;19.843;19.843;
2000;10;29;19.953;19.953;
2000;10;30;0.673;0.673;
2000;10;31;0.628;0.628;
2000;11;1;;;
2000;11;2;;;
2000;11;3;;;
2000;11;4;;;
2000;11;5;;;
2000;11;6;;;
2000;11;7;;;
2000;11;8;;;
2000;11;9;;;
2000;11;10;;;
2000;11;11;;;
2000;11;12;;;
2000;11;13;;;
2000;11;14;;;
2000;11;15;;;
2000;11;16;;;
2000;11;17;;;
2000;11;18;;;
2000;11;19;;;
2000;11;20;;;
2000;11;21;;;
2000;11;22;;;
2000;11;23;;;
2000;11;24;;;
2000;11;25;;;
2000;11;26;;;
2000;11;27;;;
2000;11;28;;;
2000;11;29;;;
2000;11;30;;;
2000;12;1;;;
2000;12;2;;;
2000;12;3;;;
2000;12;4;;;
2000;12;5;;;
2000;12;6;;;
2000;12;7;;;
2000;12;8;;;
2000;12;9;;;
2000;12;10;;;
2000;12;11;;;
2000;12;12;;;
2000;12;13;;;
2000;12;14;;;
2000;12;15;;;
2000;12;16;;;
2000;12;17;;;
2000;12;18;;;
2000;12;19;;;
2000;12;20;;;
2000;12;21;;;
2000;12;22;;;
2000;12;23;;;
2000;12;24;;;
2000;12;25;;;
2000;12;26;;;
2000;12;27;;;
2000;12;28;;;
2000;12;29;;;
2000;12;30;;;
2000;12;31;;;
2001;1;1;;;
2001;1;2;;;
2001;1;3;;;
2001;1;4;;;
2001;1;5;;;
2001;1;6;;;
2001;1;7;;;
2001;1;8;;;
2001;1;9;;;
2001;1;10;;;
2001;1;11;;;
2001;1;12;;;
2001;1;13;;;
2001;1;14;;;
2001;1;15;;;
2001;1;16;;;
2001;1;17;;;
2001;1;18;;;
2001;1;19;;;
2001;1;20;;;
2001;1;21;;;
2001;1;22;;;
2001;1;23;;;
2001;1;24;;;
2001;1;25;;;
2001;1;26;;;
2001;1;27;;;
2001;1;28;;;
2001;1;29;;;
2001;1;30;;;
2001;1;31;;;
2001;2;1;36.242;36.242;
2001;2;2;33.108;33.108;
2001;2;3;37.27;37.27;
2001;2;4;40.816;40.816;
2001;2;5;40.539;40.539;
2001;2;6;36.973;36.973;
2001;2;7;33.141;33.141;
2001;2;8;36.542;36.542;
2001;2;9;42.598;42.598;
2001;2;10;45.564;45.564;
2001;2;11;36.336;36.336;
2001;2;12;36.602;36.602;
2001;2;13;49.518;49.518;
2001;2;14;52.958;52.958;
2001;2;15;53.021;53.021;
2001;2;16;58.251;58.251;
2001;2;17;55.458;55.458;
2001;2;18;50.075;50.075;
2001;2;19;50.406;50.406;
2001;2;20;49.154;49.154;
2001;2;21;48.387;48.387;
2001;2;22;46.904;46.904;
2001;2;23;50.631;50.631;
2001;2;24;52.688;52.688;
2001;2;25;52.788;52.788;
2001;2;26;50.04;50.04;
2001;2;27;48.394;48.394;
2001;2;28;52.911;52.911;
2001;3;1;56.15;56.15;
2001;3;2;53.523;53.523;
2001;3;3;53.722;53.722;
2001;3;4;59.215;59.215;
2001;3;5;56.437;56.437;
2001;3;6;46.797;46.797;
2001;3;7;44.416;44.416;
2001;3;8;43.339;43.339;
2001;3;9;43.124;43.124;
2001;3;10;40.915;40.915;
2001;3;11;12.431;12.431;
2001;3;12;10.851;10.851;
2001;3;13;46.862;46.862;
2001;3;14;57.527;57.527;
2001;3;15;57.516;57.516;
2001;3;16;63.929;63.929;
2001;3;17;63.713;63.713;
2001;3;18;64.648;64.648;
2001;3;19;63.468;63.468;
2001;3;20;67.612;67.612;
2001;3;21;64.031;64.031;
2001;3;22;63.069;63.069;
2001;3;23;61.827;61.827;
2001;3;24;60.541;60.541;
2001;3;25;60.194;60.194;
2001;3;26;56.802;56.802;
2001;3;27;45.338;45.338;
2001;3;28;44.935;44.935;
2001;3;29;45.062;45.062;
2001;3;30;45.288;45.288;
2001;3;31;30.591;30.591;
2001;4;1;22.442;22.442;
2001;4;2;17.772;17.772;
2001;4;3;2.851;2.851;
2001;4;4;53.9;53.9;
2001;4;5;54.985;54.985;
2001;4;6;52.942;52.942;
2001;4;7;64.565;64.565;
2001;4;8;63.82;63.82;
2001;4;9;62.806;62.806;
2001;4;10;62.59;62.59;
2001;4;11;57.155;57.155;
2001;4;12;14.604;14.604;
2001;4;13;8.224;8.224;
2001;4;14;9.027;9.027;
2001;4;15;0.0;0.0;
2001;4;16;0.0;0.0;
2001;4;17;0.001;0.001;
2001;4;18;0.009;0.009;
2001;4;19;0.0;0.0;
2001;4;20;0.0;0.0;
2001;4;21;0.104;0.104;
2001;4;22;0.122;0.122;
2001;4;23;0.258;0.258;
2001;4;24;0.275;0.275;
2001;4;25;0.3;0.3;
2001;4;26;0.382;0.382;
2001;4;27;0.0;0.0;
2001;4;28;0.0;0.0;
2001;4;29;0.0;0.0;
2001;4;30;0.0;0.0;
2001;5;1;0.0;0.0;
2001;5;2;0.0;0.0;
2001;5;3;0.0;0.0;
2001;5;4;0.0;0.0;
2001;5;5;0.0;0.0;
2001;5;6;0.0;0.0;
2001;5;7;0.0;0.0;
2001;5;8;0.0;0.0;
2001;5;9;0.0;0.0;
2001;5;10;0.0;0.0;
2001;5;11;0.0;0.0;
2001;5;12;0.0;0.0;
2001;5;13;0.0;0.0;
2001;5;14;0.0;0.0;
2001;5;15;0.0;0.0;
2001;5;16;0.0;0.0;
2001;5;17;0.0;0.0;
2001;5;18;0.0;0.0;
2001;5;19;0.0;0.0;
2001;5;20;0.0;0.0;
2001;5;21;0.0;0.0;
2001;5;22;0.0;0.0;
2001;5;23;0.0;0.0;
2001;5;24;0.0;0.0;
2001;5;25;0.0;0.0;
2001;5;26;0.0;0.0;
2001;5;27;0.0;0.0;
2001;5;28;0.0;0.0;
2001;5;29;0.0;0.0;
2001;5;30;0.0;0.0;
2001;5;31;0.0;0.0;
2001;6;1;0.0;0.0;
2001;6;2;0.0;0.0;
2001;6;3;0.0;0.0;
2001;6;4;0.0;0.0;
2001;6;5;0.0;0.0;
2001;6;6;0.0;0.0;
2001;6;7;0.0;0.0;
2001;6;8;0.0;0.0;
2001;6;9;0.0;0.0;
2001;6;10;0.0;0.0;
2001;6;11;0.0;0.0;
2001;6;12;0.0;0.0;
2001;6;13;0.0;0.0;
2001;6;14;0.0;0.0;
2001;6;15;0.0;0.0;
2001;6;16;;;
2001;6;17;;;
2001;6;18;;;
2001;6;19;;;
2001;6;20;;;
2001;6;21;;;
2001;6;22;;;
2001;6;23;;;
2001;6;24;;;
2001;6;25;;;
2001;6;26;;;
2001;6;27;;;
2001;6;28;;;
2001;6;29;;;
2001;6;30;;;
2001;7;1;;;
2001;7;2;;;
2001;7;3;0.0;0.0;
2001;7;4;0.001;0.001;
2001;7;5;0.004;0.004;
2001;7;6;0.001;0.001;
2001;7;7;0.0;0.0;
2001;7;8;0.0;0.0;
2001;7;9;0.0;0.0;
2001;7;10;0.0;0.0;
2001;7;11;0.0;0.0;
2001;7;12;0.0;0.0;
2001;7;13;0.0;0.0;
2001;7;14;0.0;0.0;
2001;7;15;0.0;0.0;
2001;7;16;0.0;0.0;
2001;7;17;0.0;0.0;
2001;7;18;0.0;0.0;
2001;7;19;0.0;0.0;
2001;7;20;0.001;0.001;
2001;7;21;0.016;0.016;
2001;7;22;0.017;0.017;
2001;7;23;0.0;0.0;
2001;7;24;0.0;0.0;
2001;7;25;0.0;0.0;
2001;7;26;0.0;0.0;
2001;7;27;0.0;0.0;
2001;7;28;0.0;0.0;
2001;7;29;0.0;0.0;
2001;7;30;0.0;0.0;
2001;7;31;0.0;0.0;
2001;8;1;0.0;0.0;
2001;8;2;0.0;0.0;
2001;8;3;0.0;0.0;
2001;8;4;0.0;0.0;
2001;8;5;0.0;0.0;
2001;8;6;0.0;0.0;
2001;8;7;0.001;0.001;
2001;8;8;0.001;0.001;
2001;8;9;0.004;0.004;
2001;8;10;0.001;0.001;
2001;8;11;0.0;0.0;
2001;8;12;0.0;0.0;
2001;8;13;0.0;0.0;
2001;8;14;0.001;0.001;
2001;8;15;0.008;0.008;
2001;8;16;0.011;0.011;
2001;8;17;0.197;0.197;
2001;8;18;0.205;0.205;
2001;8;19;0.303;0.303;
2001;8;20;0.001;0.001;
2001;8;21;0.0;0.0;
2001;8;22;0.0;0.0;
2001;8;23;0.0;0.0;
2001;8;24;0.0;0.0;
2001;8;25;0.0;0.0;
2001;8;26;0.0;0.0;
2001;8;27;0.0;0.0;
2001;8;28;0.0;0.0;
2001;8;29;0.0;0.0;
2001;8;30;0.0;0.0;
2001;8;31;0.0;0.0;
2001;9;1;0.0;0.0;
2001;9;2;0.0;0.0;
2001;9;3;0.0;0.0;
2001;9;4;0.0;0.0;
2001;9;5;0.0;0.0;
2001;9;6;0.0;0.0;
2001;9;7;0.0;0.0;
2001;9;8;0.0;0.0;
2001;9;9;0.0;0.0;
2001;9;10;0.0;0.0;
2001;9;11;0.0;0.0;
2001;9;12;0.0;0.0;
2001;9;13;0.0;0.0;
2001;9;14;0.0;0.0;
2001;9;15;0.0;0.0;
2001;9;16;0.0;0.0;
2001;9;17;0.0;0.0;
2001;9;18;0.0;0.0;
2001;9;19;0.0;0.0;
2001;9;20;0.0;0.0;
2001;9;21;0.0;0.0;
2001;9;22;0.0;0.0;
2001;9;23;0.002;0.002;
2001;9;24;0.871;0.871;
2001;9;25;0.003;0.003;
2001;9;26;0.003;0.003;
2001;9;27;0.0;0.0;
2001;9;28;0.0;0.0;
2001;9;29;0.0;0.0;
2001;9;30;0.0;0.0;
2001;10;1;0.0;0.0;
2001;10;2;0.0;0.0;
2001;10;3;0.0;0.0;
2001;10;4;0.0;0.0;
2001;10;5;0.0;0.0;
2001;10;6;0.0;0.0;
2001;10;7;0.0;0.0;
2001;10;8;0.323;0.323;
2001;10;9;15.241;15.241;
2001;10;10;2.263;2.263;
2001;10;11;4.728;4.728;
2001;10;12;1.357;1.357;
2001;10;13;0.889;0.889;
2001;10;14;1.424;1.424;
2001;10;15;1.23;1.23;
2001;10;16;3.193;3.193;
2001;10;17;1.742;1.742;
2001;10;18;0.971;0.971;
2001;10;19;1.004;1.004;
2001;10;20;0.944;0.944;
2001;10;21;1.174;1.174;
2001;10;22;1.024;1.024;
2001;10;23;0.376;0.376;
2001;10;24;14.943;14.943;
2001;10;25;0.238;0.238;
2001;10;26;0.364;0.364;
2001;10;27;0.056;0.056;
2001;10;28;0.118;0.118;
2001;10;29;9.839;9.839;
2001;10;30;0.0;0.0;
2001;10;31;9.463;9.463;
2001;11;1;;;
2001;11;2;;;
2001;11;3;;;
2001;11;4;;;
2001;11;5;;;
2001;11;6;;;
2001;11;7;;;
2001;11;8;;;
2001;11;9;;;
2001;11;10;;;
2001;11;11;;;
2001;11;12;;;
2001;11;13;;;
2001;11;14;;;
2001;11;15;;;
2001;11;16;;;
2001;11;17;;;
2001;11;18;;;
2001;11;19;;;
2001;11;20;;;
2001;11;21;;;
2001;11;22;;;
2001;11;23;;;
2001;11;24;;;
2001;11;25;;;
2001;11;26;;;
2001;11;27;;;
2001;11;28;;;
2001;11;29;;;
2001;11;30;;;
2001;12;1;;;
2001;12;2;;;
2001;12;3;;;
2001;12;4;;;
2001;12;5;;;
2001;12;6;;;
2001;12;7;;;
2001;12;8;;;
2001;12;9;;;
2001;12;10;;;
2001;12;11;;;
2001;12;12;;;
2001;12;13;;;
2001;12;14;;;
2001;12;15;;;
2001;12;16;;;
2001;12;17;;;
2001;12;18;;;
2001;12;19;;;
2001;12;20;;;
2001;12;21;;;
2001;12;22;;;
2001;12;23;;;
2001;12;24;;;
2001;12;25;;;
2001;12;26;;;
2001;12;27;;;
2001;12;28;;;
2001;12;29;;;
2001;12;30;;;
2001;12;31;;;
2002;1;1;;;
2002;1;2;;;
2002;1;3;;;
2002;1;4;;;
2002;1;5;;;
2002;1;6;;;
2002;1;7;;;
2002;1;8;;;
2002;1;9;;;
2002;1;10;;;
2002;1;11;;;
2002;1;12;;;
2002;1;13;;;
2002;1;14;;;
2002;1;15;;;
2002;1;16;;;
2002;1;17;;;
2002;1;18;;;
2002;1;19;;;
2002;1;20;;;
2002;1;21;;;
2002;1;22;;;
2002;1;23;;;
2002;1;24;;;
2002;1;25;;;
2002;1;26;;;
2002;1;27;;;
2002;1;28;;;
2002;1;29;;;
2002;1;30;;;
2002;1;31;;;
2002;2;1;0.796;0.796;
2002;2;2;61.115;61.115;
2002;2;3;63.798;63.798;
2002;2;4;63.798;63.798;
2002;2;5;64.581;64.581;
2002;2;6;64.364;64.364;
2002;2;7;65.169;65.169;
2002;2;8;63.605;63.605;
2002;2;9;63.726;63.726;
2002;2;10;64.315;64.315;
2002;2;11;63.177;63.177;
2002;2;12;60.867;60.867;
2002;2;13;57.782;57.782;
2002;2;14;57.927;57.927;
2002;2;15;57.98;57.98;
2002;2;16;56.489;56.489;
2002;2;17;52.999;52.999;
2002;2;18;53.63;53.63;
2002;2;19;65.207;65.207;
2002;2;20;65.763;65.763;
2002;2;21;69.485;69.485;
2002;2;22;68.539;68.539;
2002;2;23;70.013;70.013;
2002;2;24;72.306;72.306;
2002;2;25;71.283;71.283;
2002;2;26;70.39;70.39;
2002;2;27;70.303;70.303;
2002;2;28;70.218;70.218;
2002;3;1;69.925;69.925;
2002;3;2;69.556;69.556;
2002;3;3;69.444;69.444;
2002;3;4;69.517;69.517;
2002;3;5;67.895;67.895;
2002;3;6;66.383;66.383;
2002;3;7;66.292;66.292;
2002;3;8;66.081;66.081;
2002;3;9;65.975;65.975;
2002;3;10;65.935;65.935;
2002;3;11;66.613;66.613;
2002;3;12;66.303;66.303;
2002;3;13;66.516;66.516;
2002;3;14;66.514;66.514;
2002;3;15;66.489;66.489;
2002;3;16;65.428;65.428;
2002;3;17;51.559;51.559;
2002;3;18;48.611;48.611;
2002;3;19;48.497;48.497;
2002;3;20;;;
2002;3;21;;;
2002;3;22;;;
2002;3;23;;;
2002;3;24;;;
2002;3;25;;;
2002;3;26;;;
2002;3;27;;;
2002;3;28;52.698;52.698;
2002;3;29;52.578;52.578;
2002;3;30;51.8;51.8;
2002;3;31;41.624;41.624;
2002;4;1;39.285;39.285;
2002;4;2;0.116;0.116;
2002;4;3;0.094;0.094;
2002;4;4;0.005;0.005;
2002;4;5;0.0;0.0;
2002;4;6;0.0;0.0;
2002;4;7;0.0;0.0;
2002;4;8;0.0;0.0;
2002;4;9;0.0;0.0;
2002;4;10;0.0;0.0;
2002;4;11;0.0;0.0;
2002;4;12;0.0;0.0;
2002;4;13;0.0;0.0;
2002;4;14;0.0;0.0;
2002;4;15;;;
2002;4;16;13.717;13.717;
2002;4;17;0.006;0.006;
2002;4;18;0.005;0.005;
2002;4;19;0.001;0.001;
2002;4;20;0.0;0.0;
2002;4;21;0.0;0.0;
2002;4;22;0.0;0.0;
2002;4;23;0.0;0.0;
2002;4;24;0.0;0.0;
2002;4;25;0.0;0.0;
2002;4;26;0.0;0.0;
2002;4;27;0.0;0.0;
2002;4;28;0.0;0.0;
2002;4;29;0.0;0.0;
2002;4;30;0.0;0.0;
2002;5;1;0.0;0.0;
2002;5;2;0.0;0.0;
2002;5;3;0.0;0.0;
2002;5;4;0.0;0.0;
2002;5;5;0.0;0.0;
2002;5;6;0.0;0.0;
2002;5;7;0.0;0.0;
2002;5;8;0.0;0.0;
2002;5;9;0.0;0.0;
2002;5;10;0.0;0.0;
2002;5;11;0.0;0.0;
2002;5;12;0.0;0.0;
2002;5;13;0.0;0.0;
2002;5;14;0.0;0.0;
2002;5;15;0.0;0.0;
2002;5;16;0.0;0.0;
2002;5;17;0.0;0.0;
2002;5;18;0.0;0.0;
2002;5;19;0.0;0.0;
2002;5;20;0.0;0.0;
2002;5;21;0.0;0.0;
2002;5;22;0.0;0.0;
2002;5;23;0.0;0.0;
2002;5;24;0.0;0.0;
2002;5;25;0.0;0.0;
2002;5;26;0.0;0.0;
2002;5;27;0.0;0.0;
2002;5;28;0.242;0.242;
2002;5;29;0.183;0.183;
2002;5;30;0.183;0.183;
2002;5;31;0.425;0.425;
2002;6;1;0.595;0.595;
2002;6;2;0.641;0.641;
2002;6;3;0.664;0.664;
2002;6;4;0.463;0.463;
2002;6;5;0.453;0.453;
2002;6;6;0.578;0.578;
2002;6;7;0.851;0.851;
2002;6;8;1.554;1.554;
2002;6;9;2.539;2.539;
2002;6;10;2.67;2.67;
2002;6;11;3.505;3.505;
2002;6;12;2.559;2.559;
2002;6;13;9.056;9.056;
2002;6;14;5.519;5.519;
2002;6;15;5.965;5.965;
2002;6;16;4.306;4.306;
2002;6;17;0.271;0.271;
2002;6;18;0.0;0.0;
2002;6;19;0.0;0.0;
2002;6;20;0.0;0.0;
2002;6;21;0.0;0.0;
2002;6;22;0.0;0.0;
2002;6;23;0.0;0.0;
2002;6;24;0.0;0.0;
2002;6;25;0.0;0.0;
2002;6;26;0.0;0.0;
2002;6;27;0.0;0.0;
2002;6;28;0.0;0.0;
2002;6;29;0.0;0.0;
2002;6;30;0.0;0.0;
2002;7;1;0.0;0.0;
2002;7;2;0.0;0.0;
2002;7;3;0.001;0.001;
2002;7;4;0.0;0.0;
2002;7;5;0.0;0.0;
2002;7;6;0.0;0.0;
2002;7;7;0.0;0.0;
2002;7;8;0.0;0.0;
2002;7;9;0.0;0.0;
2002;7;10;0.0;0.0;
2002;7;11;0.0;0.0;
2002;7;12;0.0;0.0;
2002;7;13;0.0;0.0;
2002;7;14;0.0;0.0;
2002;7;15;0.0;0.0;
2002;7;16;0.0;0.0;
2002;7;17;0.0;0.0;
2002;7;18;0.0;0.0;
2002;7;19;0.0;0.0;
2002;7;20;0.0;0.0;
2002;7;21;0.0;0.0;
2002;7;22;0.0;0.0;
2002;7;23;0.0;0.0;
2002;7;24;0.0;0.0;
2002;7;25;0.0;0.0;
2002;7;26;0.0;0.0;
2002;7;27;0.0;0.0;
2002;7;28;0.0;0.0;
2002;7;29;0.0;0.0;
2002;7;30;0.0;0.0;
2002;7;31;0.0;0.0;
2002;8;1;0.0;0.0;
2002;8;2;0.0;0.0;
2002;8;3;0.0;0.0;
2002;8;4;0.0;0.0;
2002;8;5;0.0;0.0;
2002;8;6;0.0;0.0;
2002;8;7;1.057;1.057;
2002;8;8;29.71;29.71;
2002;8;9;25.338;25.338;
2002;8;10;40.873;40.873;
2002;8;11;39.626;39.626;
2002;8;12;23.647;23.647;
2002;8;13;7.42;7.42;
2002;8;14;0.886;0.886;
2002;8;15;12.628;12.628;
2002;8;16;0.775;0.775;
2002;8;17;0.858;0.858;
2002;8;18;0.597;0.597;
2002;8;19;0.002;0.002;
2002;8;20;0.001;0.001;
2002;8;21;0.0;0.0;
2002;8;22;0.0;0.0;
2002;8;23;0.903;0.903;
2002;8;24;1.195;1.195;
2002;8;25;2.578;2.578;
2002;8;26;2.287;2.287;
2002;8;27;18.797;18.797;
2002;8;28;29.142;29.142;
2002;8;29;4.699;4.699;
2002;8;30;7.57;7.57;
2002;8;31;7.25;7.25;
2002;9;1;6.58;6.58;
2002;9;2;7.367;7.367;
2002;9;3;0.009;0.009;
2002;9;4;0.317;0.317;
2002;9;5;0.35;0.35;
2002;9;6;0.306;0.306;
2002;9;7;0.314;0.314;
2002;9;8;0.0;0.0;
2002;9;9;0.0;0.0;
2002;9;10;0.0;0.0;
2002;9;11;0.0;0.0;
2002;9;12;0.0;0.0;
2002;9;13;0.0;0.0;
2002;9;14;0.0;0.0;
2002;9;15;0.0;0.0;
2002;9;16;0.0;0.0;
2002;9;17;0.0;0.0;
2002;9;18;0.0;0.0;
2002;9;19;0.0;0.0;
2002;9;20;0.0;0.0;
2002;9;21;0.0;0.0;
2002;9;22;0.0;0.0;
2002;9;23;3.168;3.168;
2002;9;24;6.072;6.072;
2002;9;25;5.823;5.823;
2002;9;26;5.994;5.994;
2002;9;27;5.982;5.982;
2002;9;28;5.589;5.589;
2002;9;29;5.69;5.69;
2002;9;30;5.967;5.967;
2002;10;1;5.91;5.91;
2002;10;2;5.877;5.877;
2002;10;3;5.616;5.616;
2002;10;4;19.043;19.043;
2002;10;5;13.099;13.099;
2002;10;6;13.459;13.459;
2002;10;7;12.398;12.398;
2002;10;8;12.918;12.918;
2002;10;9;19.317;19.317;
2002;10;10;0.0;0.0;
2002;10;11;0.002;0.002;
2002;10;12;0.018;0.018;
2002;10;13;0.0;0.0;
2002;10;14;0.0;0.0;
2002;10;15;0.0;0.0;
2002;10;16;0.0;0.0;
2002;10;17;0.0;0.0;
2002;10;18;0.0;0.0;
2002;10;19;0.0;0.0;
2002;10;20;0.0;0.0;
2002;10;21;0.0;0.0;
2002;10;22;0.0;0.0;
2002;10;23;0.0;0.0;
2002;10;24;0.0;0.0;
2002;10;25;0.0;0.0;
2002;10;26;0.419;0.419;
2002;10;27;0.758;0.758;
2002;10;28;0.965;0.965;
2002;10;29;3.331;3.331;
2002;10;30;8.146;8.146;
2002;10;31;13.137;13.137;
2002;11;1;;;
2002;11;2;;;
2002;11;3;;;
2002;11;4;;;
2002;11;5;;;
2002;11;6;;;
2002;11;7;;;
2002;11;8;;;
2002;11;9;;;
2002;11;10;;;
2002;11;11;;;
2002;11;12;;;
2002;11;13;;;
2002;11;14;;;
2002;11;15;;;
2002;11;16;;;
2002;11;17;;;
2002;11;18;;;
2002;11;19;;;
2002;11;20;;;
2002;11;21;;;
2002;11;22;;;
2002;11;23;;;
2002;11;24;;;
2002;11;25;;;
2002;11;26;;;
2002;11;27;;;
2002;11;28;;;
2002;11;29;;;
2002;11;30;;;
2002;12;1;;;
2002;12;2;;;
2002;12;3;;;
2002;12;4;;;
2002;12;5;;;
2002;12;6;;;
2002;12;7;;;
2002;12;8;;;
2002;12;9;;;
2002;12;10;;;
2002;12;11;;;
2002;12;12;;;
2002;12;13;;;
2002;12;14;;;
2002;12;15;;;
2002;12;16;;;
2002;12;17;;;
2002;12;18;;;
2002;12;19;;;
2002;12;20;;;
2002;12;21;;;
2002;12;22;;;
2002;12;23;;;
2002;12;24;;;
2002;12;25;;;
2002;12;26;;;
2002;12;27;;;
2002;12;28;;;
2002;12;29;;;
2002;12;30;;;
2002;12;31;;;
2003;1;1;;;
2003;1;2;;;
2003;1;3;;;
2003;1;4;;;
2003;1;5;;;
2003;1;6;;;
2003;1;7;;;
2003;1;8;;;
2003;1;9;;;
2003;1;10;;;
2003;1;11;;;
2003;1;12;;;
2003;1;13;;;
2003;1;14;;;
2003;1;15;;;
2003;1;16;;;
2003;1;17;;;
2003;1;18;;;
2003;1;19;;;
2003;1;20;;;
2003;1;21;;;
2003;1;22;;;
2003;1;23;;;
2003;1;24;;;
2003;1;25;;;
2003;1;26;;;
2003;1;27;;;
2003;1;28;;;
2003;1;29;;;
2003;1;30;;;
2003;1;31;;;
2003;2;1;;;
2003;2;2;65.548;65.548;
2003;2;3;65.358;65.358;
2003;2;4;65.685;65.685;
2003;2;5;65.59;65.59;
2003;2;6;63.518;63.518;
2003;2;7;63.765;63.765;
2003;2;8;63.354;63.354;
2003;2;9;64.846;64.846;
2003;2;10;59.537;59.537;
2003;2;11;57.818;57.818;
2003;2;12;57.343;57.343;
2003;2;13;54.229;54.229;
2003;2;14;53.342;53.342;
2003;2;15;52.175;52.175;
2003;2;16;50.304;50.304;
2003;2;17;48.753;48.753;
2003;2;18;47.708;47.708;
2003;2;19;20.933;20.933;
2003;2;20;20.409;20.409;
2003;2;21;12.565;12.565;
2003;2;22;12.74;12.74;
2003;2;23;12.294;12.294;
2003;2;24;20.79;20.79;
2003;2;25;12.27;12.27;
2003;2;26;14.387;14.387;
2003;2;27;12.247;12.247;
2003;2;28;12.261;12.261;
2003;3;1;11.95;11.95;
2003;3;2;14.187;14.187;
2003;3;3;13.548;13.548;
2003;3;4;0.82;0.82;
2003;3;5;1.081;1.081;
2003;3;6;39.012;39.012;
2003;3;7;24.178;24.178;
2003;3;8;22.335;22.335;
2003;3;9;27.795;27.795;
2003;3;10;26.598;26.598;
2003;3;11;36.68;36.68;
2003;3;12;22.113;22.113;
2003;3;13;31.011;31.011;
2003;3;14;33.416;33.416;
2003;3;15;32.363;32.363;
2003;3;16;34.833;34.833;
2003;3;17;12.583;12.583;
2003;3;18;34.85;34.85;
2003;3;19;35.279;35.279;
2003;3;20;35.182;35.182;
2003;3;21;36.092;36.092;
2003;3;22;34.38;34.38;
2003;3;23;36.15;36.15;
2003;3;24;39.059;39.059;
2003;3;25;39.492;39.492;
2003;3;26;40.858;40.858;
2003;3;27;21.371;21.371;
2003;3;28;21.235;21.235;
2003;3;29;26.767;26.767;
2003;3;30;23.215;23.215;
2003;3;31;1.639;1.639;
2003;4;1;0.0;0.0;
2003;4;2;0.0;0.0;
2003;4;3;0.0;0.0;
2003;4;4;0.0;0.0;
2003;4;5;0.0;0.0;
2003;4;6;0.0;0.0;
2003;4;7;0.0;0.0;
2003;4;8;0.0;0.0;
2003;4;9;0.0;0.0;
2003;4;10;0.0;0.0;
2003;4;11;0.0;0.0;
2003;4;12;0.0;0.0;
2003;4;13;0.0;0.0;
2003;4;14;0.0;0.0;
2003;4;15;0.0;0.0;
2003;4;16;0.0;0.0;
2003;4;17;0.0;0.0;
2003;4;18;0.0;0.0;
2003;4;19;0.0;0.0;
2003;4;20;0.012;0.012;
2003;4;21;0.001;0.001;
2003;4;22;0.001;0.001;
2003;4;23;0.009;0.009;
2003;4;24;3.529;3.529;
2003;4;25;2.478;2.478;
2003;4;26;3.619;3.619;
2003;4;27;3.595;3.595;
2003;4;28;3.4;3.4;
2003;4;29;3.559;3.559;
2003;4;30;1.432;1.432;
2003;5;1;1.95;1.95;
2003;5;2;1.986;1.986;
2003;5;3;3.708;3.708;
2003;5;4;2.46;2.46;
2003;5;5;1.98;1.98;
2003;5;6;2.018;2.018;
2003;5;7;0.032;0.032;
2003;5;8;0.016;0.016;
2003;5;9;0.0;0.0;
2003;5;10;0.0;0.0;
2003;5;11;0.0;0.0;
2003;5;12;0.0;0.0;
2003;5;13;0.0;0.0;
2003;5;14;0.0;0.0;
2003;5;15;0.0;0.0;
2003;5;16;0.0;0.0;
2003;5;17;0.0;0.0;
2003;5;18;0.0;0.0;
2003;5;19;0.0;0.0;
2003;5;20;0.001;0.001;
2003;5;21;34.192;34.192;
2003;5;22;31.715;31.715;
2003;5;23;30.464;30.464;
2003;5;24;4.154;4.154;
2003;5;25;4.254;4.254;
2003;5;26;21.25;21.25;
2003;5;27;4.079;4.079;
2003;5;28;3.619;3.619;
2003;5;29;3.992;3.992;
2003;5;30;4.546;4.546;
2003;5;31;4.62;4.62;
2003;6;1;0.001;0.001;
2003;6;2;0.011;0.011;
2003;6;3;0.008;0.008;
2003;6;4;2.256;2.256;
2003;6;5;0.178;0.178;
2003;6;6;0.722;0.722;
2003;6;7;0.494;0.494;
2003;6;8;0.229;0.229;
2003;6;9;0.561;0.561;
2003;6;10;0.449;0.449;
2003;6;11;0.064;0.064;
2003;6;12;0.157;0.157;
2003;6;13;0.283;0.283;
2003;6;14;0.121;0.121;
2003;6;15;0.239;0.239;
2003;6;16;0.106;0.106;
2003;6;17;0.106;0.106;
2003;6;18;0.032;0.032;
2003;6;19;0.019;0.019;
2003;6;20;0.036;0.036;
2003;6;21;0.111;0.111;
2003;6;22;0.004;0.004;
2003;6;23;0.02;0.02;
2003;6;24;0.001;0.001;
2003;6;25;0.0;0.0;
2003;6;26;0.0;0.0;
2003;6;27;0.0;0.0;
2003;6;28;0.0;0.0;
2003;6;29;0.0;0.0;
2003;6;30;0.0;0.0;
2003;7;1;0.0;0.0;
2003;7;2;0.0;0.0;
2003;7;3;0.0;0.0;
2003;7;4;0.0;0.0;
2003;7;5;0.0;0.0;
2003;7;6;0.0;0.0;
2003;7;7;0.0;0.0;
2003;7;8;0.0;0.0;
2003;7;9;0.0;0.0;
2003;7;10;0.0;0.0;
2003;7;11;0.0;0.0;
2003;7;12;0.0;0.0;
2003;7;13;0.0;0.0;
2003;7;14;0.0;0.0;
2003;7;15;0.0;0.0;
2003;7;16;0.0;0.0;
2003;7;17;0.0;0.0;
2003;7;18;0.0;0.0;
2003;7;19;0.0;0.0;
2003;7;20;0.0;0.0;
2003;7;21;0.0;0.0;
2003;7;22;0.0;0.0;
2003;7;23;0.0;0.0;
2003;7;24;0.194;0.194;
2003;7;25;0.655;0.655;
2003;7;26;1.181;1.181;
2003;7;27;0.731;0.731;
2003;7;28;0.772;0.772;
2003;7;29;0.0;0.0;
2003;7;30;0.0;0.0;
2003;7;31;0.0;0.0;
2003;8;1;0.0;0.0;
2003;8;2;0.0;0.0;
2003;8;3;0.0;0.0;
2003;8;4;0.0;0.0;
2003;8;5;0.0;0.0;
2003;8;6;0.0;0.0;
2003;8;7;0.0;0.0;
2003;8;8;0.0;0.0;
2003;8;9;0.0;0.0;
2003;8;10;0.0;0.0;
2003;8;11;0.0;0.0;
2003;8;12;0.0;0.0;
2003;8;13;0.0;0.0;
2003;8;14;0.0;0.0;
2003;8;15;0.0;0.0;
2003;8;16;0.0;0.0;
2003;8;17;0.0;0.0;
2003;8;18;0.0;0.0;
2003;8;19;0.0;0.0;
2003;8;20;0.0;0.0;
2003;8;21;0.0;0.0;
2003;8;22;0.0;0.0;
2003;8;23;0.0;0.0;
2003;8;24;0.0;0.0;
2003;8;25;0.0;0.0;
2003;8;26;0.0;0.0;
2003;8;27;0.0;0.0;
2003;8;28;0.0;0.0;
2003;8;29;0.0;0.0;
2003;8;30;0.0;0.0;
2003;8;31;0.0;0.0;
2003;9;1;0.0;0.0;
2003;9;2;0.0;0.0;
2003;9;3;0.0;0.0;
2003;9;4;0.0;0.0;
2003;9;5;0.0;0.0;
2003;9;6;0.0;0.0;
2003;9;7;0.0;0.0;
2003;9;8;0.0;0.0;
2003;9;9;0.0;0.0;
2003;9;10;0.0;0.0;
2003;9;11;0.0;0.0;
2003;9;12;0.0;0.0;
2003;9;13;0.0;0.0;
2003;9;14;0.0;0.0;
2003;9;15;0.001;0.001;
2003;9;16;0.0;0.0;
2003;9;17;0.0;0.0;
2003;9;18;0.0;0.0;
2003;9;19;0.0;0.0;
2003;9;20;0.0;0.0;
2003;9;21;0.0;0.0;
2003;9;22;0.0;0.0;
2003;9;23;0.0;0.0;
2003;9;24;0.0;0.0;
2003;9;25;0.0;0.0;
2003;9;26;0.0;0.0;
2003;9;27;0.0;0.0;
2003;9;28;0.0;0.0;
2003;9;29;0.0;0.0;
2003;9;30;0.0;0.0;
2003;10;1;0.0;0.0;
2003;10;2;0.0;0.0;
2003;10;3;0.0;0.0;
2003;10;4;0.0;0.0;
2003;10;5;0.0;0.0;
2003;10;6;0.0;0.0;
2003;10;7;0.0;0.0;
2003;10;8;0.0;0.0;
2003;10;9;0.0;0.0;
2003;10;10;0.0;0.0;
2003;10;11;0.082;0.082;
2003;10;12;0.094;0.094;
2003;10;13;0.082;0.082;
2003;10;14;18.997;18.997;
2003;10;15;2.082;2.082;
2003;10;16;10.892;10.892;
2003;10;17;10.375;10.375;
2003;10;18;3.589;3.589;
2003;10;19;0.789;0.789;
2003;10;20;0.054;0.054;
2003;10;21;0.0;0.0;
2003;10;22;0.645;0.645;
2003;10;23;0.0;0.0;
2003;10;24;0.0;0.0;
2003;10;25;0.0;0.0;
2003;10;26;0.0;0.0;
2003;10;27;0.0;0.0;
2003;10;28;0.0;0.0;
2003;10;29;0.0;0.0;
2003;10;30;0.0;0.0;
2003;10;31;0.0;0.0;
2003;11;1;;;
2003;11;2;;;
2003;11;3;;;
2003;11;4;;;
2003;11;5;;;
2003;11;6;;;
2003;11;7;;;
2003;11;8;;;
2003;11;9;;;
2003;11;10;;;
2003;11;11;;;
2003;11;12;;;
2003;11;13;;;
2003;11;14;;;
2003;11;15;;;
2003;11;16;;;
2003;11;17;;;
2003;11;18;;;
2003;11;19;;;
2003;11;20;;;
2003;11;21;;;
2003;11;22;;;
2003;11;23;;;
2003;11;24;;;
2003;11;25;;;
2003;11;26;;;
2003;11;27;;;
2003;11;28;;;
2003;11;29;;;
2003;11;30;;;
2003;12;1;;;
2003;12;2;;;
2003;12;3;;;
2003;12;4;;;
2003;12;5;;;
2003;12;6;;;
2003;12;7;;;
2003;12;8;;;
2003;12;9;;;
2003;12;10;;;
2003;12;11;;;
2003;12;12;;;
2003;12;13;;;
2003;12;14;;;
2003;12;15;;;
2003;12;16;;;
2003;12;17;;;
2003;12;18;;;
2003;12;19;;;
2003;12;20;;;
2003;12;21;;;
2003;12;22;;;
2003;12;23;;;
2003;12;24;;;
2003;12;25;;;
2003;12;26;;;
2003;12;27;;;
2003;12;28;;;
2003;12;29;;;
2003;12;30;;;
2003;12;31;;;
2004;1;1;;;
2004;1;2;;;
2004;1;3;;;
2004;1;4;;;
2004;1;5;;;
2004;1;6;;;
2004;1;7;;;
2004;1;8;;;
2004;1;9;;;
2004;1;10;;;
2004;1;11;;;
2004;1;12;;;
2004;1;13;;;
2004;1;14;;;
2004;1;15;;;
2004;1;16;;;
2004;1;17;;;
2004;1;18;;;
2004;1;19;;;
2004;1;20;;;
2004;1;21;;;
2004;1;22;;;
2004;1;23;;;
2004;1;24;;;
2004;1;25;;;
2004;1;26;;;
2004;1;27;;;
2004;1;28;;;
2004;1;29;;;
2004;1;30;;;
2004;1;31;;;
2004;2;1;47.655;47.655;
2004;2;2;64.121;64.121;
2004;2;3;61.669;61.669;
2004;2;4;63.868;63.868;
2004;2;5;67.736;67.736;
2004;2;6;68.515;68.515;
2004;2;7;68.435;68.435;
2004;2;8;69.116;69.116;
2004;2;9;67.511;67.511;
2004;2;10;30.345;30.345;
2004;2;11;30.384;30.384;
2004;2;12;32.324;32.324;
2004;2;13;22.501;22.501;
2004;2;14;18.571;18.571;
2004;2;15;20.71;20.71;
2004;2;16;19.265;19.265;
2004;2;17;19.128;19.128;
2004;2;18;18.868;18.868;
2004;2;19;15.215;15.215;
2004;2;20;13.081;13.081;
2004;2;21;9.694;9.694;
2004;2;22;1.592;1.592;
2004;2;23;1.545;1.545;
2004;2;24;1.194;1.194;
2004;2;25;3.888;3.888;
2004;2;26;1.274;1.274;
2004;2;27;0.532;0.532;
2004;2;28;1.024;1.024;
2004;2;29;1.024;1.024;
2004;3;1;4.335;4.335;
2004;3;2;1.709;1.709;
2004;3;3;17.337;17.337;
2004;3;4;14.951;14.951;
2004;3;5;17.603;17.603;
2004;3;6;17.743;17.743;
2004;3;7;9.851;9.851;
2004;3;8;9.437;9.437;
2004;3;9;9.108;9.108;
2004;3;10;2.267;2.267;
2004;3;11;0.0;0.0;
2004;3;12;0.0;0.0;
2004;3;13;0.0;0.0;
2004;3;14;0.0;0.0;
2004;3;15;0.0;0.0;
2004;3;16;0.0;0.0;
2004;3;17;0.0;0.0;
2004;3;18;0.0;0.0;
2004;3;19;0.0;0.0;
2004;3;20;0.0;0.0;
2004;3;21;0.0;0.0;
2004;3;22;0.0;0.0;
2004;3;23;0.0;0.0;
2004;3;24;0.0;0.0;
2004;3;25;0.0;0.0;
2004;3;26;0.0;0.0;
2004;3;27;0.0;0.0;
2004;3;28;4.323;4.323;
2004;3;29;45.065;45.065;
2004;3;30;55.932;55.932;
2004;3;31;33.106;33.106;
2004;4;1;0.0;0.0;
2004;4;2;0.207;0.207;
2004;4;3;0.0;0.0;
2004;4;4;0.0;0.0;
2004;4;5;0.0;0.0;
2004;4;6;0.0;0.0;
2004;4;7;0.0;0.0;
2004;4;8;0.0;0.0;
2004;4;9;0.0;0.0;
2004;4;10;0.0;0.0;
2004;4;11;0.0;0.0;
2004;4;12;0.0;0.0;
2004;4;13;0.0;0.0;
2004;4;14;0.0;0.0;
2004;4;15;0.0;0.0;
2004;4;16;0.0;0.0;
2004;4;17;0.0;0.0;
2004;4;18;0.0;0.0;
2004;4;19;0.0;0.0;
2004;4;20;0.0;0.0;
2004;4;21;0.0;0.0;
2004;4;22;0.0;0.0;
2004;4;23;0.0;0.0;
2004;4;24;0.0;0.0;
2004;4;25;0.0;0.0;
2004;4;26;0.0;0.0;
2004;4;27;0.0;0.0;
2004;4;28;0.0;0.0;
2004;4;29;0.0;0.0;
2004;4;30;0.0;0.0;
2004;5;1;0.0;0.0;
2004;5;2;0.0;0.0;
2004;5;3;0.0;0.0;
2004;5;4;0.0;0.0;
2004;5;5;0.0;0.0;
2004;5;6;0.0;0.0;
2004;5;7;0.0;0.0;
2004;5;8;0.0;0.0;
2004;5;9;0.0;0.0;
2004;5;10;0.0;0.0;
2004;5;11;0.0;0.0;
2004;5;12;0.0;0.0;
2004;5;13;0.0;0.0;
2004;5;14;0.0;0.0;
2004;5;15;0.0;0.0;
2004;5;16;0.014;0.014;
2004;5;17;1.007;1.007;
2004;5;18;0.0;0.0;
2004;5;19;0.0;0.0;
2004;5;20;0.0;0.0;
2004;5;21;0.0;0.0;
2004;5;22;0.0;0.0;
2004;5;23;0.0;0.0;
2004;5;24;0.0;0.0;
2004;5;25;0.0;0.0;
2004;5;26;0.0;0.0;
2004;5;27;0.0;0.0;
2004;5;28;0.0;0.0;
2004;5;29;0.086;0.086;
2004;5;30;7.87;7.87;
2004;5;31;12.858;12.858;
2004;6;1;12.883;12.883;
2004;6;2;12.461;12.461;
2004;6;3;5.85;5.85;
2004;6;4;0.516;0.516;
2004;6;5;0.0;0.0;
2004;6;6;0.0;0.0;
2004;6;7;0.0;0.0;
2004;6;8;0.0;0.0;
2004;6;9;0.0;0.0;
2004;6;10;0.0;0.0;
2004;6;11;0.0;0.0;
2004;6;12;0.0;0.0;
2004;6;13;0.0;0.0;
2004;6;14;0.0;0.0;
2004;6;15;0.0;0.0;
2004;6;16;0.0;0.0;
2004;6;17;0.0;0.0;
2004;6;18;0.0;0.0;
2004;6;19;0.0;0.0;
2004;6;20;0.0;0.0;
2004;6;21;0.0;0.0;
2004;6;22;0.0;0.0;
2004;6;23;0.0;0.0;
2004;6;24;0.0;0.0;
2004;6;25;0.0;0.0;
2004;6;26;0.0;0.0;
2004;6;27;0.157;0.157;
2004;6;28;2.659;2.659;
2004;6;29;3.971;3.971;
2004;6;30;0.811;0.811;
2004;7;1;0.0;0.0;
2004;7;2;0.0;0.0;
2004;7;3;0.0;0.0;
2004;7;4;0.0;0.0;
2004;7;5;0.242;0.242;
2004;7;6;0.0;0.0;
2004;7;7;0.0;0.0;
2004;7;8;0.0;0.0;
2004;7;9;0.0;0.0;
2004;7;10;0.0;0.0;
2004;7;11;0.0;0.0;
2004;7;12;0.0;0.0;
2004;7;13;0.0;0.0;
2004;7;14;0.0;0.0;
2004;7;15;0.0;0.0;
2004;7;16;0.0;0.0;
2004;7;17;0.0;0.0;
2004;7;18;0.0;0.0;
2004;7;19;0.0;0.0;
2004;7;20;0.0;0.0;
2004;7;21;0.0;0.0;
2004;7;22;0.0;0.0;
2004;7;23;0.0;0.0;
2004;7;24;0.0;0.0;
2004;7;25;0.0;0.0;
2004;7;26;0.0;0.0;
2004;7;27;0.0;0.0;
2004;7;28;0.0;0.0;
2004;7;29;0.0;0.0;
2004;7;30;0.0;0.0;
2004;7;31;0.0;0.0;
2004;8;1;0.0;0.0;
2004;8;2;0.008;0.008;
2004;8;3;0.006;0.006;
2004;8;4;0.008;0.008;
2004;8;5;0.0;0.0;
2004;8;6;0.0;0.0;
2004;8;7;0.0;0.0;
2004;8;8;0.0;0.0;
2004;8;9;0.0;0.0;
2004;8;10;0.0;0.0;
2004;8;11;0.0;0.0;
2004;8;12;0.0;0.0;
2004;8;13;0.0;0.0;
2004;8;14;0.0;0.0;
2004;8;15;0.0;0.0;
2004;8;16;0.0;0.0;
2004;8;17;0.0;0.0;
2004;8;18;0.0;0.0;
2004;8;19;0.0;0.0;
2004;8;20;0.0;0.0;
2004;8;21;0.0;0.0;
2004;8;22;0.0;0.0;
2004;8;23;0.0;0.0;
2004;8;24;0.0;0.0;
2004;8;25;0.0;0.0;
2004;8;26;0.0;0.0;
2004;8;27;0.0;0.0;
2004;8;28;0.0;0.0;
2004;8;29;0.0;0.0;
2004;8;30;0.0;0.0;
2004;8;31;0.0;0.0;
2004;9;1;0.0;0.0;
2004;9;2;0.0;0.0;
2004;9;3;0.0;0.0;
2004;9;4;0.048;0.048;
2004;9;5;0.051;0.051;
2004;9;6;0.041;0.041;
2004;9;7;0.111;0.111;
2004;9;8;0.0;0.0;
2004;9;9;0.0;0.0;
2004;9;10;0.0;0.0;
2004;9;11;0.0;0.0;
2004;9;12;0.0;0.0;
2004;9;13;0.0;0.0;
2004;9;14;0.0;0.0;
2004;9;15;0.0;0.0;
2004;9;16;0.0;0.0;
2004;9;17;0.0;0.0;
2004;9;18;0.0;0.0;
2004;9;19;0.0;0.0;
2004;9;20;0.0;0.0;
2004;9;21;0.0;0.0;
2004;9;22;0.0;0.0;
2004;9;23;0.0;0.0;
2004;9;24;0.0;0.0;
2004;9;25;0.0;0.0;
2004;9;26;0.0;0.0;
2004;9;27;0.0;0.0;
2004;9;28;0.0;0.0;
2004;9;29;0.0;0.0;
2004;9;30;0.0;0.0;
2004;10;1;0.0;0.0;
2004;10;2;0.0;0.0;
2004;10;3;0.0;0.0;
2004;10;4;0.0;0.0;
2004;10;5;0.0;0.0;
2004;10;6;0.0;0.0;
2004;10;7;0.0;0.0;
2004;10;8;0.0;0.0;
2004;10;9;0.0;0.0;
2004;10;10;0.0;0.0;
2004;10;11;0.0;0.0;
2004;10;12;0.0;0.0;
2004;10;13;0.0;0.0;
2004;10;14;0.196;0.196;
2004;10;15;0.0;0.0;
2004;10;16;0.0;0.0;
2004;10;17;0.0;0.0;
2004;10;18;0.0;0.0;
2004;10;19;0.0;0.0;
2004;10;20;0.0;0.0;
2004;10;21;0.0;0.0;
2004;10;22;0.0;0.0;
2004;10;23;0.001;0.001;
2004;10;24;0.0;0.0;
2004;10;25;0.0;0.0;
2004;10;26;0.167;0.167;
2004;10;27;4.911;4.911;
2004;10;28;6.265;6.265;
2004;10;29;8.834;8.834;
2004;10;30;11.237;11.237;
2004;10;31;23.344;23.344;
2004;11;1;;;
2004;11;2;;;
2004;11;3;;;
2004;11;4;;;
2004;11;5;;;
2004;11;6;;;
2004;11;7;;;
2004;11;8;;;
2004;11;9;;;
2004;11;10;;;
2004;11;11;;;
2004;11;12;;;
2004;11;13;;;
2004;11;14;;;
2004;11;15;;;
2004;11;16;;;
2004;11;17;;;
2004;11;18;;;
2004;11;19;;;
2004;11;20;;;
2004;11;21;;;
2004;11;22;;;
2004;11;23;;;
2004;11;24;;;
2004;11;25;;;
2004;11;26;;;
2004;11;27;;;
2004;11;28;;;
2004;11;29;;;
2004;11;30;;;
2004;12;1;;;
2004;12;2;;;
2004;12;3;;;
2004;12;4;;;
2004;12;5;;;
2004;12;6;;;
2004;12;7;;;
2004;12;8;;;
2004;12;9;;;
2004;12;10;;;
2004;12;11;;;
2004;12;12;;;
2004;12;13;;;
2004;12;14;;;
2004;12;15;;;
2004;12;16;;;
2004;12;17;;;
2004;12;18;;;
2004;12;19;;;
2004;12;20;;;
2004;12;21;;;
2004;12;22;;;
2004;12;23;;;
2004;12;24;;;
2004;12;25;;;
2004;12;26;;;
2004;12;27;;;
2004;12;28;;;
2004;12;29;;;
2004;12;30;;;
2004;12;31;;;
2005;1;1;;;
2005;1;2;;;
2005;1;3;;;
2005;1;4;;;
2005;1;5;;;
2005;1;6;;;
2005;1;7;;;
2005;1;8;;;
2005;1;9;;;
2005;1;10;;;
2005;1;11;;;
2005;1;12;;;
2005;1;13;;;
2005;1;14;;;
2005;1;15;;;
2005;1;16;;;
2005;1;17;;;
2005;1;18;;;
2005;1;19;;;
2005;1;20;;;
2005;1;21;;;
2005;1;22;;;
2005;1;23;;;
2005;1;24;;;
2005;1;25;;;
2005;1;26;;;
2005;1;27;;;
2005;1;28;;;
2005;1;29;;;
2005;1;30;;;
2005;1;31;;;
2005;2;1;46.549;46.549;
2005;2;2;42.658;42.658;
2005;2;3;43.181;43.181;
2005;2;4;45.783;45.783;
2005;2;5;46.774;46.774;
2005;2;6;57.149;57.149;
2005;2;7;60.541;60.541;
2005;2;8;62.617;62.617;
2005;2;9;64.871;64.871;
2005;2;10;63.897;63.897;
2005;2;11;65.804;65.804;
2005;2;12;65.978;65.978;
2005;2;13;64.293;64.293;
2005;2;14;64.103;64.103;
2005;2;15;57.172;57.172;
2005;2;16;49.743;49.743;
2005;2;17;48.035;48.035;
2005;2;18;48.011;48.011;
2005;2;19;39.551;39.551;
2005;2;20;40.452;40.452;
2005;2;21;30.218;30.218;
2005;2;22;28.882;28.882;
2005;2;23;26.027;26.027;
2005;2;24;22.96;22.96;
2005;2;25;17.172;17.172;
2005;2;26;12.395;12.395;
2005;2;27;9.097;9.097;
2005;2;28;2.548;2.548;
2005;3;1;2.29;2.29;
2005;3;2;1.726;1.726;
2005;3;3;1.54;1.54;
2005;3;4;0.852;0.852;
2005;3;5;0.742;0.742;
2005;3;6;0.879;0.879;
2005;3;7;0.56;0.56;
2005;3;8;0.742;0.742;
2005;3;9;0.597;0.597;
2005;3;10;0.001;0.001;
2005;3;11;0.194;0.194;
2005;3;12;0.0;0.0;
2005;3;13;0.0;0.0;
2005;3;14;0.0;0.0;
2005;3;15;0.0;0.0;
2005;3;16;0.0;0.0;
2005;3;17;0.0;0.0;
2005;3;18;0.0;0.0;
2005;3;19;0.0;0.0;
2005;3;20;0.0;0.0;
2005;3;21;6.414;6.414;
2005;3;22;6.03;6.03;
2005;3;23;7.931;7.931;
2005;3;24;2.635;2.635;
2005;3;25;2.776;2.776;
2005;3;26;2.681;2.681;
2005;3;27;0.001;0.001;
2005;3;28;0.001;0.001;
2005;3;29;1.145;1.145;
2005;3;30;9.535;9.535;
2005;3;31;10.593;10.593;
2005;4;1;0.0;0.0;
2005;4;2;53.978;53.978;
2005;4;3;54.713;54.713;
2005;4;4;59.032;59.032;
2005;4;5;70.157;70.157;
2005;4;6;64.491;64.491;
2005;4;7;58.71;58.71;
2005;4;8;48.583;48.583;
2005;4;9;25.531;25.531;
2005;4;10;11.629;11.629;
2005;4;11;9.645;9.645;
2005;4;12;0.0;0.0;
2005;4;13;0.0;0.0;
2005;4;14;0.0;0.0;
2005;4;15;0.0;0.0;
2005;4;16;0.0;0.0;
2005;4;17;0.0;0.0;
2005;4;18;0.0;0.0;
2005;4;19;0.001;0.001;
2005;4;20;1.898;1.898;
2005;4;21;1.197;1.197;
2005;4;22;0.806;0.806;
2005;4;23;0.0;0.0;
2005;4;24;0.001;0.001;
2005;4;25;0.0;0.0;
2005;4;26;0.0;0.0;
2005;4;27;0.0;0.0;
2005;4;28;0.0;0.0;
2005;4;29;0.0;0.0;
2005;4;30;0.0;0.0;
2005;5;1;0.0;0.0;
2005;5;2;0.0;0.0;
2005;5;3;0.0;0.0;
2005;5;4;0.0;0.0;
2005;5;5;0.0;0.0;
2005;5;6;0.0;0.0;
2005;5;7;0.0;0.0;
2005;5;8;0.0;0.0;
2005;5;9;0.0;0.0;
2005;5;10;0.0;0.0;
2005;5;11;0.0;0.0;
2005;5;12;0.0;0.0;
2005;5;13;0.0;0.0;
2005;5;14;0.0;0.0;
2005;5;15;0.0;0.0;
2005;5;16;0.0;0.0;
2005;5;17;0.0;0.0;
2005;5;18;0.0;0.0;
2005;5;19;0.0;0.0;
2005;5;20;0.0;0.0;
2005;5;21;0.0;0.0;
2005;5;22;0.0;0.0;
2005;5;23;0.0;0.0;
2005;5;24;0.0;0.0;
2005;5;25;0.0;0.0;
2005;5;26;0.0;0.0;
2005;5;27;0.0;0.0;
2005;5;28;0.0;0.0;
2005;5;29;0.0;0.0;
2005;5;30;0.001;0.001;
2005;5;31;0.0;0.0;
2005;6;1;0.0;0.0;
2005;6;2;0.0;0.0;
2005;6;3;0.001;0.001;
2005;6;4;0.0;0.0;
2005;6;5;0.0;0.0;
2005;6;6;0.0;0.0;
2005;6;7;0.0;0.0;
2005;6;8;0.0;0.0;
2005;6;9;0.0;0.0;
2005;6;10;0.0;0.0;
2005;6;11;0.0;0.0;
2005;6;12;0.0;0.0;
2005;6;13;0.0;0.0;
2005;6;14;0.0;0.0;
2005;6;15;0.0;0.0;
2005;6;16;0.0;0.0;
2005;6;17;0.0;0.0;
2005;6;18;0.0;0.0;
2005;6;19;0.0;0.0;
2005;6;20;0.0;0.0;
2005;6;21;0.0;0.0;
2005;6;22;0.0;0.0;
2005;6;23;0.0;0.0;
2005;6;24;0.0;0.0;
2005;6;25;0.0;0.0;
2005;6;26;0.0;0.0;
2005;6;27;0.0;0.0;
2005;6;28;0.0;0.0;
2005;6;29;3.161;3.161;
2005;6;30;26.485;26.485;
2005;7;1;12.356;12.356;
2005;7;2;24.278;24.278;
2005;7;3;27.159;27.159;
2005;7;4;26.985;26.985;
2005;7;5;32.604;32.604;
2005;7;6;16.68;16.68;
2005;7;7;18.685;18.685;
2005;7;8;0.0;0.0;
2005;7;9;0.0;0.0;
2005;7;10;0.0;0.0;
2005;7;11;0.0;0.0;
2005;7;12;0.0;0.0;
2005;7;13;0.0;0.0;
2005;7;14;0.0;0.0;
2005;7;15;0.0;0.0;
2005;7;16;0.0;0.0;
2005;7;17;0.0;0.0;
2005;7;18;0.0;0.0;
2005;7;19;0.0;0.0;
2005;7;20;0.0;0.0;
2005;7;21;0.0;0.0;
2005;7;22;0.0;0.0;
2005;7;23;0.0;0.0;
2005;7;24;0.0;0.0;
2005;7;25;0.0;0.0;
2005;7;26;0.0;0.0;
2005;7;27;0.0;0.0;
2005;7;28;0.0;0.0;
2005;7;29;0.0;0.0;
2005;7;30;0.0;0.0;
2005;7;31;0.0;0.0;
2005;8;1;0.0;0.0;
2005;8;2;0.0;0.0;
2005;8;3;0.308;0.308;
2005;8;4;0.327;0.327;
2005;8;5;0.311;0.311;
2005;8;6;0.0;0.0;
2005;8;7;0.0;0.0;
2005;8;8;0.0;0.0;
2005;8;9;0.0;0.0;
2005;8;10;0.0;0.0;
2005;8;11;0.0;0.0;
2005;8;12;0.145;0.145;
2005;8;13;0.0;0.0;
2005;8;14;0.008;0.008;
2005;8;15;0.005;0.005;
2005;8;16;0.058;0.058;
2005;8;17;3.277;3.277;
2005;8;18;3.477;3.477;
2005;8;19;0.0;0.0;
2005;8;20;0.0;0.0;
2005;8;21;0.0;0.0;
2005;8;22;0.0;0.0;
2005;8;23;0.0;0.0;
2005;8;24;0.0;0.0;
2005;8;25;0.0;0.0;
2005;8;26;0.0;0.0;
2005;8;27;0.0;0.0;
2005;8;28;0.0;0.0;
2005;8;29;0.0;0.0;
2005;8;30;0.0;0.0;
2005;8;31;0.0;0.0;
2005;9;1;0.0;0.0;
2005;9;2;0.0;0.0;
2005;9;3;0.0;0.0;
2005;9;4;0.0;0.0;
2005;9;5;0.0;0.0;
2005;9;6;0.0;0.0;
2005;9;7;0.0;0.0;
2005;9;8;0.0;0.0;
2005;9;9;0.0;0.0;
2005;9;10;0.0;0.0;
2005;9;11;0.0;0.0;
2005;9;12;0.0;0.0;
2005;9;13;0.0;0.0;
2005;9;14;0.004;0.004;
2005;9;15;0.009;0.009;
2005;9;16;0.001;0.001;
2005;9;17;0.011;0.011;
2005;9;18;0.025;0.025;
2005;9;19;0.0;0.0;
2005;9;20;0.0;0.0;
2005;9;21;0.0;0.0;
2005;9;22;0.0;0.0;
2005;9;23;0.0;0.0;
2005;9;24;0.0;0.0;
2005;9;25;0.0;0.0;
2005;9;26;0.0;0.0;
2005;9;27;0.0;0.0;
2005;9;28;0.0;0.0;
2005;9;29;0.0;0.0;
2005;9;30;0.0;0.0;
2005;10;1;0.916;0.916;
2005;10;2;2.242;2.242;
2005;10;3;0.005;0.005;
2005;10;4;0.004;0.004;
2005;10;5;0.002;0.002;
2005;10;6;4.113;4.113;
2005;10;7;4.654;4.654;
2005;10;8;56.866;56.866;
2005;10;9;52.475;52.475;
2005;10;10;57.731;57.731;
2005;10;11;57.791;57.791;
2005;10;12;56.804;56.804;
2005;10;13;87.048;87.048;
2005;10;14;85.779;85.779;
2005;10;15;81.394;81.394;
2005;10;16;2.242;2.242;
2005;10;17;0.335;0.335;
2005;10;18;0.337;0.337;
2005;10;19;0.516;0.516;
2005;10;20;0.701;0.701;
2005;10;21;0.161;0.161;
2005;10;22;0.161;0.161;
2005;10;23;0.161;0.161;
2005;10;24;0.161;0.161;
2005;10;25;0.532;0.532;
2005;10;26;0.161;0.161;
2005;10;27;0.346;0.346;
2005;10;28;3.084;3.084;
2005;10;29;15.274;15.274;
2005;10;30;7.088;7.088;
2005;10;31;18.469;18.469;
2005;11;1;;;
2005;11;2;;;
2005;11;3;;;
2005;11;4;;;
2005;11;5;;;
2005;11;6;;;
2005;11;7;;;
2005;11;8;;;
2005;11;9;;;
2005;11;10;;;
2005;11;11;;;
2005;11;12;;;
2005;11;13;;;
2005;11;14;;;
2005;11;15;;;
2005;11;16;;;
2005;11;17;;;
2005;11;18;;;
2005;11;19;;;
2005;11;20;;;
2005;11;21;;;
2005;11;22;;;
2005;11;23;;;
2005;11;24;;;
2005;11;25;;;
2005;11;26;;;
2005;11;27;;;
2005;11;28;;;
2005;11;29;;;
2005;11;30;;;
2005;12;1;;;
2005;12;2;;;
2005;12;3;;;
2005;12;4;;;
2005;12;5;;;
2005;12;6;;;
2005;12;7;;;
2005;12;8;;;
2005;12;9;;;
2005;12;10;;;
2005;12;11;;;
2005;12;12;;;
2005;12;13;;;
2005;12;14;;;
2005;12;15;;;
2005;12;16;;;
2005;12;17;;;
2005;12;18;;;
2005;12;19;;;
2005;12;20;;;
2005;12;21;;;
2005;12;22;;;
2005;12;23;;;
2005;12;24;;;
2005;12;25;;;
2005;12;26;;;
2005;12;27;;;
2005;12;28;;;
2005;12;29;;;
2005;12;30;;;
2005;12;31;;;
2006;1;1;;;
2006;1;2;;;
2006;1;3;;;
2006;1;4;;;
2006;1;5;;;
2006;1;6;;;
2006;1;7;;;
2006;1;8;;;
2006;1;9;;;
2006;1;10;;;
2006;1;11;;;
2006;1;12;;;
2006;1;13;;;
2006;1;14;;;
2006;1;15;;;
2006;1;16;;;
2006;1;17;;;
2006;1;18;;;
2006;1;19;;;
2006;1;20;;;
2006;1;21;;;
2006;1;22;;;
2006;1;23;;;
2006;1;24;;;
2006;1;25;;;
2006;1;26;;;
2006;1;27;;;
2006;1;28;;;
2006;1;29;;;
2006;1;30;;;
2006;1;31;;;
2006;2;1;38.356;38.356;
2006;2;2;37.168;37.168;
2006;2;3;26.002;26.002;
2006;2;4;26.823;26.823;
2006;2;5;27.251;27.251;
2006;2;6;31.1;31.1;
2006;2;7;25.751;25.751;
2006;2;8;27.758;27.758;
2006;2;9;15.886;15.886;
2006;2;10;20.96;20.96;
2006;2;11;20.194;20.194;
2006;2;12;3.55;3.55;
2006;2;13;6.785;6.785;
2006;2;14;0.091;0.091;
2006;2;15;0.0;0.0;
2006;2;16;0.0;0.0;
2006;2;17;0.0;0.0;
2006;2;18;0.0;0.0;
2006;2;19;0.0;0.0;
2006;2;20;0.038;0.038;
2006;2;21;1.355;1.355;
2006;2;22;1.519;1.519;
2006;2;23;0.015;0.015;
2006;2;24;0.0;0.0;
2006;2;25;0.0;0.0;
2006;2;26;0.0;0.0;
2006;2;27;0.0;0.0;
2006;2;28;0.0;0.0;
2006;3;1;0.0;0.0;
2006;3;2;0.0;0.0;
2006;3;3;0.0;0.0;
2006;3;4;0.0;0.0;
2006;3;5;0.0;0.0;
2006;3;6;0.0;0.0;
2006;3;7;0.0;0.0;
2006;3;8;0.0;0.0;
2006;3;9;0.065;0.065;
2006;3;10;0.054;0.054;
2006;3;11;7.149;7.149;
2006;3;12;6.14;6.14;
2006;3;13;4.581;4.581;
2006;3;14;0.086;0.086;
2006;3;15;0.027;0.027;
2006;3;16;0.075;0.075;
2006;3;17;3.712;3.712;
2006;3;18;1.629;1.629;
2006;3;19;55.541;55.541;
2006;3;20;72.266;72.266;
2006;3;21;72.935;72.935;
2006;3;22;73.677;73.677;
2006;3;23;73.685;73.685;
2006;3;24;73.645;73.645;
2006;3;25;74.194;74.194;
2006;3;26;73.694;73.694;
2006;3;27;74.016;74.016;
2006;3;28;73.847;73.847;
2006;3;29;70.736;70.736;
2006;3;30;45.888;45.888;
2006;3;31;22.466;22.466;
2006;4;1;0.484;0.484;
2006;4;2;0.0;0.0;
2006;4;3;0.0;0.0;
2006;4;4;0.0;0.0;
2006;4;5;0.0;0.0;
2006;4;6;0.0;0.0;
2006;4;7;0.0;0.0;
2006;4;8;0.0;0.0;
2006;4;9;0.0;0.0;
2006;4;10;0.0;0.0;
2006;4;11;0.0;0.0;
2006;4;12;0.0;0.0;
2006;4;13;0.0;0.0;
2006;4;14;0.0;0.0;
2006;4;15;0.0;0.0;
2006;4;16;0.0;0.0;
2006;4;17;0.0;0.0;
2006;4;18;0.091;0.091;
2006;4;19;4.269;4.269;
2006;4;20;4.563;4.563;
2006;4;21;0.288;0.288;
2006;4;22;0.177;0.177;
2006;4;23;0.212;0.212;
2006;4;24;1.004;1.004;
2006;4;25;0.263;0.263;
2006;4;26;0.359;0.359;
2006;4;27;0.196;0.196;
2006;4;28;0.196;0.196;
2006;4;29;0.197;0.197;
2006;4;30;0.001;0.001;
2006;5;1;0.473;0.473;
2006;5;2;0.001;0.001;
2006;5;3;0.0;0.0;
2006;5;4;0.0;0.0;
2006;5;5;0.0;0.0;
2006;5;6;0.0;0.0;
2006;5;7;0.0;0.0;
2006;5;8;0.0;0.0;
2006;5;9;0.0;0.0;
2006;5;10;0.0;0.0;
2006;5;11;0.0;0.0;
2006;5;12;0.0;0.0;
2006;5;13;0.0;0.0;
2006;5;14;0.0;0.0;
2006;5;15;0.0;0.0;
2006;5;16;0.0;0.0;
2006;5;17;0.0;0.0;
2006;5;18;0.0;0.0;
2006;5;19;0.0;0.0;
2006;5;20;0.0;0.0;
2006;5;21;0.0;0.0;
2006;5;22;0.0;0.0;
2006;5;23;0.0;0.0;
2006;5;24;0.0;0.0;
2006;5;25;0.0;0.0;
2006;5;26;0.0;0.0;
2006;5;27;0.0;0.0;
2006;5;28;0.0;0.0;
2006;5;29;0.0;0.0;
2006;5;30;0.0;0.0;
2006;5;31;0.0;0.0;
2006;6;1;0.0;0.0;
2006;6;2;0.0;0.0;
2006;6;3;0.0;0.0;
2006;6;4;0.0;0.0;
2006;6;5;0.0;0.0;
2006;6;6;0.0;0.0;
2006;6;7;0.0;0.0;
2006;6;8;0.0;0.0;
2006;6;9;0.0;0.0;
2006;6;10;0.0;0.0;
2006;6;11;0.0;0.0;
2006;6;12;0.0;0.0;
2006;6;13;0.0;0.0;
2006;6;14;0.0;0.0;
2006;6;15;0.0;0.0;
2006;6;16;0.0;0.0;
2006;6;17;0.0;0.0;
2006;6;18;0.0;0.0;
2006;6;19;0.0;0.0;
2006;6;20;0.0;0.0;
2006;6;21;0.001;0.001;
2006;6;22;0.0;0.0;
2006;6;23;0.0;0.0;
2006;6;24;0.0;0.0;
2006;6;25;0.009;0.009;
2006;6;26;0.0;0.0;
2006;6;27;0.0;0.0;
2006;6;28;0.0;0.0;
2006;6;29;0.0;0.0;
2006;6;30;0.0;0.0;
2006;7;1;0.0;0.0;
2006;7;2;0.0;0.0;
2006;7;3;0.0;0.0;
2006;7;4;0.0;0.0;
2006;7;5;0.0;0.0;
2006;7;6;0.0;0.0;
2006;7;7;0.0;0.0;
2006;7;8;0.0;0.0;
2006;7;9;0.0;0.0;
2006;7;10;0.0;0.0;
2006;7;11;0.0;0.0;
2006;7;12;0.0;0.0;
2006;7;13;0.0;0.0;
2006;7;14;0.0;0.0;
2006;7;15;0.0;0.0;
2006;7;16;0.0;0.0;
2006;7;17;0.0;0.0;
2006;7;18;0.0;0.0;
2006;7;19;0.0;0.0;
2006;7;20;0.0;0.0;
2006;7;21;0.0;0.0;
2006;7;22;0.0;0.0;
2006;7;23;0.0;0.0;
2006;7;24;0.0;0.0;
2006;7;25;0.0;0.0;
2006;7;26;0.0;0.0;
2006;7;27;0.0;0.0;
2006;7;28;0.0;0.0;
2006;7;29;0.0;0.0;
2006;7;30;0.0;0.0;
2006;7;31;0.0;0.0;
2006;8;1;0.262;0.262;
2006;8;2;0.0;0.0;
2006;8;3;0.0;0.0;
2006;8;4;0.0;0.0;
2006;8;5;0.0;0.0;
2006;8;6;0.0;0.0;
2006;8;7;0.0;0.0;
2006;8;8;0.0;0.0;
2006;8;9;0.0;0.0;
2006;8;10;0.0;0.0;
2006;8;11;0.0;0.0;
2006;8;12;0.0;0.0;
2006;8;13;0.0;0.0;
2006;8;14;0.0;0.0;
2006;8;15;0.0;0.0;
2006;8;16;0.0;0.0;
2006;8;17;0.0;0.0;
2006;8;18;0.0;0.0;
2006;8;19;0.0;0.0;
2006;8;20;0.0;0.0;
2006;8;21;0.0;0.0;
2006;8;22;0.0;0.0;
2006;8;23;0.0;0.0;
2006;8;24;0.0;0.0;
2006;8;25;0.0;0.0;
2006;8;26;0.0;0.0;
2006;8;27;0.0;0.0;
2006;8;28;0.0;0.0;
2006;8;29;0.0;0.0;
2006;8;30;0.0;0.0;
2006;8;31;0.0;0.0;
2006;9;1;0.0;0.0;
2006;9;2;0.0;0.0;
2006;9;3;0.0;0.0;
2006;9;4;0.0;0.0;
2006;9;5;0.0;0.0;
2006;9;6;0.0;0.0;
2006;9;7;0.0;0.0;
2006;9;8;0.0;0.0;
2006;9;9;0.0;0.0;
2006;9;10;0.0;0.0;
2006;9;11;0.0;0.0;
2006;9;12;0.0;0.0;
2006;9;13;0.0;0.0;
2006;9;14;0.0;0.0;
2006;9;15;0.0;0.0;
2006;9;16;0.0;0.0;
2006;9;17;0.0;0.0;
2006;9;18;0.0;0.0;
2006;9;19;0.0;0.0;
2006;9;20;0.0;0.0;
2006;9;21;0.0;0.0;
2006;9;22;2.429;2.429;
2006;9;23;2.276;2.276;
2006;9;24;2.386;2.386;
2006;9;25;3.581;3.581;
2006;9;26;2.549;2.549;
2006;9;27;2.718;2.718;
2006;9;28;2.698;2.698;
2006;9;29;3.02;3.02;
2006;9;30;3.053;3.053;
2006;10;1;0.014;0.014;
2006;10;2;0.113;0.113;
2006;10;3;0.098;0.098;
2006;10;4;0.031;0.031;
2006;10;5;5.512;5.512;
2006;10;6;0.0;0.0;
2006;10;7;0.036;0.036;
2006;10;8;0.009;0.009;
2006;10;9;9.38;9.38;
2006;10;10;0.104;0.104;
2006;10;11;0.022;0.022;
2006;10;12;15.762;15.762;
2006;10;13;0.408;0.408;
2006;10;14;0.006;0.006;
2006;10;15;0.0;0.0;
2006;10;16;0.0;0.0;
2006;10;17;0.0;0.0;
2006;10;18;0.0;0.0;
2006;10;19;0.0;0.0;
2006;10;20;0.0;0.0;
2006;10;21;0.0;0.0;
2006;10;22;0.0;0.0;
2006;10;23;0.0;0.0;
2006;10;24;0.0;0.0;
2006;10;25;0.0;0.0;
2006;10;26;0.0;0.0;
2006;10;27;0.061;0.061;
2006;10;28;2.345;2.345;
2006;10;29;0.532;0.532;
2006;10;30;0.623;0.623;
2006;10;31;3.044;3.044;
2006;11;1;;;
2006;11;2;;;
2006;11;3;;;
2006;11;4;;;
2006;11;5;;;
2006;11;6;;;
2006;11;7;;;
2006;11;8;;;
2006;11;9;;;
2006;11;10;;;
2006;11;11;;;
2006;11;12;;;
2006;11;13;;;
2006;11;14;;;
2006;11;15;;;
2006;11;16;;;
2006;11;17;;;
2006;11;18;;;
2006;11;19;;;
2006;11;20;;;
2006;11;21;;;
2006;11;22;;;
2006;11;23;;;
2006;11;24;;;
2006;11;25;;;
2006;11;26;;;
2006;11;27;;;
2006;11;28;;;
2006;11;29;;;
2006;11;30;;;
2006;12;1;;;
2006;12;2;;;
2006;12;3;;;
2006;12;4;;;
2006;12;5;;;
2006;12;6;;;
2006;12;7;;;
2006;12;8;;;
2006;12;9;;;
2006;12;10;;;
2006;12;11;;;
2006;12;12;;;
2006;12;13;;;
2006;12;14;;;
2006;12;15;;;
2006;12;16;;;
2006;12;17;;;
2006;12;18;;;
2006;12;19;;;
2006;12;20;;;
2006;12;21;;;
2006;12;22;;;
2006;12;23;;;
2006;12;24;;;
2006;12;25;;;
2006;12;26;;;
2006;12;27;;;
2006;12;28;;;
2006;12;29;;;
2006;12;30;;;
2006;12;31;;;
2007;1;1;;;
2007;1;2;;;
2007;1;3;;;
2007;1;4;;;
2007;1;5;;;
2007;1;6;;;
2007;1;7;;;
2007;1;8;;;
2007;1;9;;;
2007;1;10;;;
2007;1;11;;;
2007;1;12;;;
2007;1;13;;;
2007;1;14;;;
2007;1;15;;;
2007;1;16;;;
2007;1;17;;;
2007;1;18;;;
2007;1;19;;;
2007;1;20;;;
2007;1;21;;;
2007;1;22;;;
2007;1;23;;;
2007;1;24;;;
2007;1;25;;;
2007;1;26;;;
2007;1;27;;;
2007;1;28;;;
2007;1;29;;;
2007;1;30;;;
2007;1;31;;;
2007;2;1;63.423;63.423;
2007;2;2;64.896;64.896;
2007;2;3;64.829;64.829;
2007;2;4;66.084;66.084;
2007;2;5;63.563;63.563;
2007;2;6;66.798;66.798;
2007;2;7;66.197;66.197;
2007;2;8;65.374;65.374;
2007;2;9;66.159;66.159;
2007;2;10;60.214;60.214;
2007;2;11;52.98;52.98;
2007;2;12;20.33;20.33;
2007;2;13;19.877;19.877;
2007;2;14;20.313;20.313;
2007;2;15;19.475;19.475;
2007;2;16;21.689;21.689;
2007;2;17;18.295;18.295;
2007;2;18;18.901;18.901;
2007;2;19;11.801;11.801;
2007;2;20;3.309;3.309;
2007;2;21;0.391;0.391;
2007;2;22;0.006;0.006;
2007;2;23;0.0;0.0;
2007;2;24;0.161;0.161;
2007;2;25;0.0;0.0;
2007;2;26;0.0;0.0;
2007;2;27;0.0;0.0;
2007;2;28;0.0;0.0;
2007;3;1;0.0;0.0;
2007;3;2;0.0;0.0;
2007;3;3;0.0;0.0;
2007;3;4;0.002;0.002;
2007;3;5;2.602;2.602;
2007;3;6;20.051;20.051;
2007;3;7;15.759;15.759;
2007;3;8;20.265;20.265;
2007;3;9;17.402;17.402;
2007;3;10;32.636;32.636;
2007;3;11;43.396;43.396;
2007;3;12;43.015;43.015;
2007;3;13;55.59;55.59;
2007;3;14;60.275;60.275;
2007;3;15;62.978;62.978;
2007;3;16;68.338;68.338;
2007;3;17;68.441;68.441;
2007;3;18;68.45;68.45;
2007;3;19;70.903;70.903;
2007;3;20;69.854;69.854;
2007;3;21;73.066;73.066;
2007;3;22;72.811;72.811;
2007;3;23;36.641;36.641;
2007;3;24;12.335;12.335;
2007;3;25;0.002;0.002;
2007;3;26;0.004;0.004;
2007;3;27;0.0;0.0;
2007;3;28;0.0;0.0;
2007;3;29;0.0;0.0;
2007;3;30;0.0;0.0;
2007;3;31;0.0;0.0;
2007;4;1;0.0;0.0;
2007;4;2;0.0;0.0;
2007;4;3;0.0;0.0;
2007;4;4;0.0;0.0;
2007;4;5;0.0;0.0;
2007;4;6;0.0;0.0;
2007;4;7;0.002;0.002;
2007;4;8;0.0;0.0;
2007;4;9;0.012;0.012;
2007;4;10;0.002;0.002;
2007;4;11;0.001;0.001;
2007;4;12;0.0;0.0;
2007;4;13;0.0;0.0;
2007;4;14;0.0;0.0;
2007;4;15;0.0;0.0;
2007;4;16;0.0;0.0;
2007;4;17;0.0;0.0;
2007;4;18;0.0;0.0;
2007;4;19;0.0;0.0;
2007;4;20;0.0;0.0;
2007;4;21;0.0;0.0;
2007;4;22;0.0;0.0;
2007;4;23;0.0;0.0;
2007;4;24;0.0;0.0;
2007;4;25;14.571;14.571;
2007;4;26;15.732;15.732;
2007;4;27;13.722;13.722;
2007;4;28;8.697;8.697;
2007;4;29;3.994;3.994;
2007;4;30;4.316;4.316;
2007;5;1;0.0;0.0;
2007;5;2;0.0;0.0;
2007;5;3;0.0;0.0;
2007;5;4;0.0;0.0;
2007;5;5;0.0;0.0;
2007;5;6;0.0;0.0;
2007;5;7;0.0;0.0;
2007;5;8;0.0;0.0;
2007;5;9;0.0;0.0;
2007;5;10;0.0;0.0;
2007;5;11;0.0;0.0;
2007;5;12;0.0;0.0;
2007;5;13;0.0;0.0;
2007;5;14;0.0;0.0;
2007;5;15;0.0;0.0;
2007;5;16;0.0;0.0;
2007;5;17;0.0;0.0;
2007;5;18;0.0;0.0;
2007;5;19;0.0;0.0;
2007;5;20;0.0;0.0;
2007;5;21;0.0;0.0;
2007;5;22;0.0;0.0;
2007;5;23;0.0;0.0;
2007;5;24;0.0;0.0;
2007;5;25;0.0;0.0;
2007;5;26;0.0;0.0;
2007;5;27;0.0;0.0;
2007;5;28;0.0;0.0;
2007;5;29;0.0;0.0;
2007;5;30;0.0;0.0;
2007;5;31;0.001;0.001;
2007;6;1;0.001;0.001;
2007;6;2;0.0;0.0;
2007;6;3;0.0;0.0;
2007;6;4;0.01;0.01;
2007;6;5;0.397;0.397;
2007;6;6;0.345;0.345;
2007;6;7;0.113;0.113;
2007;6;8;0.0;0.0;
2007;6;9;0.0;0.0;
2007;6;10;0.0;0.0;
2007;6;11;0.0;0.0;
2007;6;12;0.0;0.0;
2007;6;13;0.0;0.0;
2007;6;14;0.0;0.0;
2007;6;15;0.0;0.0;
2007;6;16;0.0;0.0;
2007;6;17;0.0;0.0;
2007;6;18;0.0;0.0;
2007;6;19;0.0;0.0;
2007;6;20;0.0;0.0;
2007;6;21;0.0;0.0;
2007;6;22;0.0;0.0;
2007;6;23;0.0;0.0;
2007;6;24;0.0;0.0;
2007;6;25;0.0;0.0;
2007;6;26;0.0;0.0;
2007;6;27;0.0;0.0;
2007;6;28;0.0;0.0;
2007;6;29;0.0;0.0;
2007;6;30;0.0;0.0;
2007;7;1;0.0;0.0;
2007;7;2;0.008;0.008;
2007;7;3;0.005;0.005;
2007;7;4;0.004;0.004;
2007;7;5;0.004;0.004;
2007;7;6;0.01;0.01;
2007;7;7;0.0;0.0;
2007;7;8;0.0;0.0;
2007;7;9;0.0;0.0;
2007;7;10;0.0;0.0;
2007;7;11;0.0;0.0;
2007;7;12;0.0;0.0;
2007;7;13;0.0;0.0;
2007;7;14;0.0;0.0;
2007;7;15;0.0;0.0;
2007;7;16;0.0;0.0;
2007;7;17;0.0;0.0;
2007;7;18;0.0;0.0;
2007;7;19;0.0;0.0;
2007;7;20;0.0;0.0;
2007;7;21;0.0;0.0;
2007;7;22;0.0;0.0;
2007;7;23;0.0;0.0;
2007;7;24;0.0;0.0;
2007;7;25;0.0;0.0;
2007;7;26;0.013;0.013;
2007;7;27;0.025;0.025;
2007;7;28;0.0;0.0;
2007;7;29;0.0;0.0;
2007;7;30;0.0;0.0;
2007;7;31;0.0;0.0;
2007;8;1;0.0;0.0;
2007;8;2;0.0;0.0;
2007;8;3;0.0;0.0;
2007;8;4;0.0;0.0;
2007;8;5;0.0;0.0;
2007;8;6;0.0;0.0;
2007;8;7;0.0;0.0;
2007;8;8;0.0;0.0;
2007;8;9;0.0;0.0;
2007;8;10;0.0;0.0;
2007;8;11;0.0;0.0;
2007;8;12;0.0;0.0;
2007;8;13;0.0;0.0;
2007;8;14;0.0;0.0;
2007;8;15;0.0;0.0;
2007;8;16;0.0;0.0;
2007;8;17;0.0;0.0;
2007;8;18;0.0;0.0;
2007;8;19;0.0;0.0;
2007;8;20;0.0;0.0;
2007;8;21;0.0;0.0;
2007;8;22;0.0;0.0;
2007;8;23;0.0;0.0;
2007;8;24;0.0;0.0;
2007;8;25;0.0;0.0;
2007;8;26;0.0;0.0;
2007;8;27;0.0;0.0;
2007;8;28;0.0;0.0;
2007;8;29;0.0;0.0;
2007;8;30;0.0;0.0;
2007;8;31;0.0;0.0;
2007;9;1;0.0;0.0;
2007;9;2;0.0;0.0;
2007;9;3;0.0;0.0;
2007;9;4;0.0;0.0;
2007;9;5;0.0;0.0;
2007;9;6;0.0;0.0;
2007;9;7;0.0;0.0;
2007;9;8;0.0;0.0;
2007;9;9;0.0;0.0;
2007;9;10;0.0;0.0;
2007;9;11;0.0;0.0;
2007;9;12;0.0;0.0;
2007;9;13;0.0;0.0;
2007;9;14;0.0;0.0;
2007;9;15;0.0;0.0;
2007;9;16;0.0;0.0;
2007;9;17;0.0;0.0;
2007;9;18;0.0;0.0;
2007;9;19;0.0;0.0;
2007;9;20;0.0;0.0;
2007;9;21;0.0;0.0;
2007;9;22;0.0;0.0;
2007;9;23;0.0;0.0;
2007;9;24;0.0;0.0;
2007;9;25;0.0;0.0;
2007;9;26;0.0;0.0;
2007;9;27;0.0;0.0;
2007;9;28;0.0;0.0;
2007;9;29;0.0;0.0;
2007;9;30;0.0;0.0;
2007;10;1;0.0;0.0;
2007;10;2;0.0;0.0;
2007;10;3;0.0;0.0;
2007;10;4;0.0;0.0;
2007;10;5;0.0;0.0;
2007;10;6;0.0;0.0;
2007;10;7;0.005;0.005;
2007;10;8;0.009;0.009;
2007;10;9;0.05;0.05;
2007;10;10;0.042;0.042;
2007;10;11;0.0;0.0;
2007;10;12;0.0;0.0;
2007;10;13;0.039;0.039;
2007;10;14;3.435;3.435;
2007;10;15;0.026;0.026;
2007;10;16;0.0;0.0;
2007;10;17;0.016;0.016;
2007;10;18;0.439;0.439;
2007;10;19;0.481;0.481;
2007;10;20;0.041;0.041;
2007;10;21;0.316;0.316;
2007;10;22;20.839;20.839;
2007;10;23;14.11;14.11;
2007;10;24;16.568;16.568;
2007;10;25;16.486;16.486;
2007;10;26;24.273;24.273;
2007;10;27;24.574;24.574;
2007;10;28;20.436;20.436;
2007;10;29;19.651;19.651;
2007;10;30;22.483;22.483;
2007;10;31;26.442;26.442;
2007;11;1;;;
2007;11;2;;;
2007;11;3;;;
2007;11;4;;;
2007;11;5;;;
2007;11;6;;;
2007;11;7;;;
2007;11;8;;;
2007;11;9;;;
2007;11;10;;;
2007;11;11;;;
2007;11;12;;;
2007;11;13;;;
2007;11;14;;;
2007;11;15;;;
2007;11;16;;;
2007;11;17;;;
2007;11;18;;;
2007;11;19;;;
2007;11;20;;;
2007;11;21;;;
2007;11;22;;;
2007;11;23;;;
2007;11;24;;;
2007;11;25;;;
2007;11;26;;;
2007;11;27;;;
2007;11;28;;;
2007;11;29;;;
2007;11;30;;;
2007;12;1;;;
2007;12;2;;;
2007;12;3;;;
2007;12;4;;;
2007;12;5;;;
2007;12;6;;;
2007;12;7;;;
2007;12;8;;;
2007;12;9;;;
2007;12;10;;;
2007;12;11;;;
2007;12;12;;;
2007;12;13;;;
2007;12;14;;;
2007;12;15;;;
2007;12;16;;;
2007;12;17;;;
2007;12;18;;;
2007;12;19;;;
2007;12;20;;;
2007;12;21;;;
2007;12;22;;;
2007;12;23;;;
2007;12;24;;;
2007;12;25;;;
2007;12;26;;;
2007;12;27;;;
2007;12;28;;;
2007;12;29;;;
2007;12;30;;;
2007;12;31;;;
2008;1;1;;;
2008;1;2;;;
2008;1;3;;;
2008;1;4;;;
2008;1;5;;;
2008;1;6;;;
2008;1;7;;;
2008;1;8;;;
2008;1;9;;;
2008;1;10;;;
2008;1;11;;;
2008;1;12;;;
2008;1;13;;;
2008;1;14;;;
2008;1;15;;;
2008;1;16;;;
2008;1;17;;;
2008;1;18;;;
2008;1;19;;;
2008;1;20;;;
2008;1;21;;;
2008;1;22;;;
2008;1;23;;;
2008;1;24;;;
2008;1;25;;;
2008;1;26;;;
2008;1;27;;;
2008;1;28;;;
2008;1;29;;;
2008;1;30;;;
2008;1;31;;;
2008;2;1;70.903;70.903;
2008;2;2;73.685;73.685;
2008;2;3;72.782;72.782;
2008;2;4;72.054;72.054;
2008;2;5;72.839;72.839;
2008;2;6;72.548;72.548;
2008;2;7;75.903;75.903;
2008;2;8;74.232;74.232;
2008;2;9;73.694;73.694;
2008;2;10;78.533;78.533;
2008;2;11;81.707;81.707;
2008;2;12;85.016;85.016;
2008;2;13;81.347;81.347;
2008;2;14;82.112;82.112;
2008;2;15;84.849;84.849;
2008;2;16;80.653;80.653;
2008;2;17;84.766;84.766;
2008;2;18;44.512;44.512;
2008;2;19;64.811;64.811;
2008;2;20;64.891;64.891;
2008;2;21;55.806;55.806;
2008;2;22;64.681;64.681;
2008;2;23;64.753;64.753;
2008;2;24;64.581;64.581;
2008;2;25;65.077;65.077;
2008;2;26;64.954;64.954;
2008;2;27;64.427;64.427;
2008;2;28;64.465;64.465;
2008;2;29;68.532;68.532;
2008;3;1;82.643;82.643;
2008;3;2;82.518;82.518;
2008;3;3;72.151;72.151;
2008;3;4;70.235;70.235;
2008;3;5;81.629;81.629;
2008;3;6;69.139;69.139;
2008;3;7;69.903;69.903;
2008;3;8;82.54;82.54;
2008;3;9;86.608;86.608;
2008;3;10;84.574;84.574;
2008;3;11;88.099;88.099;
2008;3;12;83.32;83.32;
2008;3;13;84.323;84.323;
2008;3;14;85.508;85.508;
2008;3;15;83.79;83.79;
2008;3;16;84.065;84.065;
2008;3;17;79.661;79.661;
2008;3;18;81.653;81.653;
2008;3;19;79.202;79.202;
2008;3;20;77.032;77.032;
2008;3;21;78.169;78.169;
2008;3;22;76.146;76.146;
2008;3;23;75.883;75.883;
2008;3;24;76.507;76.507;
2008;3;25;76.421;76.421;
2008;3;26;80.455;80.455;
2008;3;27;80.265;80.265;
2008;3;28;82.661;82.661;
2008;3;29;82.048;82.048;
2008;3;30;76.785;76.785;
2008;3;31;71.631;71.631;
2008;4;1;71.355;71.355;
2008;4;2;66.629;66.629;
2008;4;3;61.927;61.927;
2008;4;4;61.368;61.368;
2008;4;5;61.621;61.621;
2008;4;6;61.25;61.25;
2008;4;7;54.554;54.554;
2008;4;8;54.569;54.569;
2008;4;9;58.923;58.923;
2008;4;10;57.194;57.194;
2008;4;11;64.924;64.924;
2008;4;12;66.403;66.403;
2008;4;13;66.861;66.861;
2008;4;14;67.758;67.758;
2008;4;15;65.644;65.644;
2008;4;16;52.529;52.529;
2008;4;17;46.04;46.04;
2008;4;18;75.854;75.854;
2008;4;19;68.403;68.403;
2008;4;20;1.829;1.829;
2008;4;21;0.182;0.182;
2008;4;22;0.018;0.018;
2008;4;23;2.274;2.274;
2008;4;24;0.001;0.001;
2008;4;25;0.002;0.002;
2008;4;26;0.0;0.0;
2008;4;27;0.0;0.0;
2008;4;28;0.0;0.0;
2008;4;29;0.0;0.0;
2008;4;30;0.0;0.0;
2008;5;1;0.0;0.0;
2008;5;2;0.0;0.0;
2008;5;3;0.0;0.0;
2008;5;4;0.0;0.0;
2008;5;5;0.0;0.0;
2008;5;6;0.0;0.0;
2008;5;7;0.0;0.0;
2008;5;8;0.0;0.0;
2008;5;9;0.0;0.0;
2008;5;10;0.0;0.0;
2008;5;11;0.0;0.0;
2008;5;12;0.0;0.0;
2008;5;13;0.0;0.0;
2008;5;14;0.052;0.052;
2008;5;15;0.005;0.005;
2008;5;16;0.024;0.024;
2008;5;17;0.026;0.026;
2008;5;18;0.035;0.035;
2008;5;19;0.09;0.09;
2008;5;20;0.0;0.0;
2008;5;21;0.0;0.0;
2008;5;22;0.0;0.0;
2008;5;23;0.0;0.0;
2008;5;24;0.0;0.0;
2008;5;25;0.0;0.0;
2008;5;26;0.0;0.0;
2008;5;27;0.0;0.0;
2008;5;28;0.0;0.0;
2008;5;29;0.0;0.0;
2008;5;30;0.0;0.0;
2008;5;31;0.0;0.0;
2008;6;1;0.0;0.0;
2008;6;2;0.0;0.0;
2008;6;3;0.0;0.0;
2008;6;4;0.0;0.0;
2008;6;5;0.0;0.0;
2008;6;6;0.046;0.046;
2008;6;7;0.0;0.0;
2008;6;8;0.0;0.0;
2008;6;9;0.0;0.0;
2008;6;10;0.0;0.0;
2008;6;11;0.0;0.0;
2008;6;12;0.0;0.0;
2008;6;13;0.0;0.0;
2008;6;14;0.0;0.0;
2008;6;15;0.0;0.0;
2008;6;16;0.0;0.0;
2008;6;17;0.0;0.0;
2008;6;18;0.0;0.0;
2008;6;19;0.0;0.0;
2008;6;20;0.0;0.0;
2008;6;21;0.0;0.0;
2008;6;22;0.0;0.0;
2008;6;23;0.0;0.0;
2008;6;24;0.0;0.0;
2008;6;25;0.0;0.0;
2008;6;26;0.0;0.0;
2008;6;27;0.0;0.0;
2008;6;28;0.0;0.0;
2008;6;29;0.0;0.0;
2008;6;30;0.0;0.0;
2008;7;1;0.426;0.426;
2008;7;2;0.125;0.125;
2008;7;3;0.002;0.002;
2008;7;4;0.0;0.0;
2008;7;5;0.0;0.0;
2008;7;6;0.0;0.0;
2008;7;7;0.0;0.0;
2008;7;8;0.0;0.0;
2008;7;9;0.0;0.0;
2008;7;10;0.0;0.0;
2008;7;11;0.0;0.0;
2008;7;12;0.0;0.0;
2008;7;13;0.0;0.0;
2008;7;14;0.0;0.0;
2008;7;15;0.0;0.0;
2008;7;16;0.0;0.0;
2008;7;17;0.0;0.0;
2008;7;18;0.0;0.0;
2008;7;19;0.0;0.0;
2008;7;20;0.0;0.0;
2008;7;21;0.0;0.0;
2008;7;22;0.0;0.0;
2008;7;23;0.0;0.0;
2008;7;24;0.0;0.0;
2008;7;25;0.0;0.0;
2008;7;26;0.0;0.0;
2008;7;27;0.0;0.0;
2008;7;28;0.0;0.0;
2008;7;29;0.0;0.0;
2008;7;30;0.0;0.0;
2008;7;31;0.0;0.0;
2008;8;1;0.0;0.0;
2008;8;2;0.0;0.0;
2008;8;3;0.0;0.0;
2008;8;4;0.0;0.0;
2008;8;5;0.0;0.0;
2008;8;6;0.0;0.0;
2008;8;7;0.0;0.0;
2008;8;8;0.0;0.0;
2008;8;9;0.0;0.0;
2008;8;10;0.0;0.0;
2008;8;11;0.0;0.0;
2008;8;12;0.0;0.0;
2008;8;13;0.0;0.0;
2008;8;14;0.0;0.0;
2008;8;15;0.0;0.0;
2008;8;16;0.0;0.0;
2008;8;17;0.0;0.0;
2008;8;18;0.0;0.0;
2008;8;19;0.0;0.0;
2008;8;20;0.0;0.0;
2008;8;21;0.007;0.007;
2008;8;22;0.009;0.009;
2008;8;23;0.001;0.001;
2008;8;24;0.016;0.016;
2008;8;25;6.048;6.048;
2008;8;26;1.299;1.299;
2008;8;27;0.001;0.001;
2008;8;28;0.019;0.019;
2008;8;29;0.0;0.0;
2008;8;30;0.0;0.0;
2008;8;31;0.887;0.887;
2008;9;1;0.0;0.0;
2008;9;2;0.001;0.001;
2008;9;3;0.006;0.006;
2008;9;4;0.007;0.007;
2008;9;5;0.002;0.002;
2008;9;6;0.0;0.0;
2008;9;7;0.283;0.283;
2008;9;8;0.058;0.058;
2008;9;9;11.333;11.333;
2008;9;10;2.225;2.225;
2008;9;11;2.287;2.287;
2008;9;12;2.848;2.848;
2008;9;13;1.049;1.049;
2008;9;14;1.176;1.176;
2008;9;15;2.742;2.742;
2008;9;16;1.124;1.124;
2008;9;17;2.426;2.426;
2008;9;18;1.043;1.043;
2008;9;19;1.238;1.238;
2008;9;20;0.979;0.979;
2008;9;21;2.662;2.662;
2008;9;22;2.398;2.398;
2008;9;23;0.011;0.011;
2008;9;24;0.038;0.038;
2008;9;25;0.119;0.119;
2008;9;26;0.001;0.001;
2008;9;27;0.0;0.0;
2008;9;28;0.0;0.0;
2008;9;29;0.007;0.007;
2008;9;30;0.236;0.236;
2008;10;1;0.062;0.062;
2008;10;2;0.008;0.008;
2008;10;3;2.579;2.579;
2008;10;4;28.355;28.355;
2008;10;5;6.311;6.311;
2008;10;6;1.241;1.241;
2008;10;7;2.97;2.97;
2008;10;8;40.123;40.123;
2008;10;9;42.561;42.561;
2008;10;10;17.922;17.922;
2008;10;11;9.733;9.733;
2008;10;12;12.193;12.193;
2008;10;13;19.258;19.258;
2008;10;14;12.391;12.391;
2008;10;15;4.157;4.157;
2008;10;16;1.001;1.001;
2008;10;17;5.858;5.858;
2008;10;18;8.457;8.457;
2008;10;19;1.282;1.282;
2008;10;20;0.968;0.968;
2008;10;21;1.064;1.064;
2008;10;22;2.751;2.751;
2008;10;23;5.858;5.858;
2008;10;24;16.668;16.668;
2008;10;25;40.493;40.493;
2008;10;26;50.638;50.638;
2008;10;27;51.74;51.74;
2008;10;28;52.674;52.674;
2008;10;29;55.834;55.834;
2008;10;30;61.403;61.403;
2008;10;31;41.931;41.931;
2008;11;1;;;
2008;11;2;;;
2008;11;3;;;
2008;11;4;;;
2008;11;5;;;
2008;11;6;;;
2008;11;7;;;
2008;11;8;;;
2008;11;9;;;
2008;11;10;;;
2008;11;11;;;
2008;11;12;;;
2008;11;13;;;
2008;11;14;;;
2008;11;15;;;
2008;11;16;;;
2008;11;17;;;
2008;11;18;;;
2008;11;19;;;
2008;11;20;;;
2008;11;21;;;
2008;11;22;;;
2008;11;23;;;
2008;11;24;;;
2008;11;25;;;
2008;11;26;;;
2008;11;27;;;
2008;11;28;;;
2008;11;29;;;
2008;11;30;;;
2008;12;1;;;
2008;12;2;;;
2008;12;3;;;
2008;12;4;;;
2008;12;5;;;
2008;12;6;;;
2008;12;7;;;
2008;12;8;;;
2008;12;9;;;
2008;12;10;;;
2008;12;11;;;
2008;12;12;;;
2008;12;13;;;
2008;12;14;;;
2008;12;15;;;
2008;12;16;;;
2008;12;17;;;
2008;12;18;;;
2008;12;19;;;
2008;12;20;;;
2008;12;21;;;
2008;12;22;;;
2008;12;23;;;
2008;12;24;;;
2008;12;25;;;
2008;12;26;;;
2008;12;27;;;
2008;12;28;;;
2008;12;29;;;
2008;12;30;;;
2008;12;31;;;
2009;1;1;;;
2009;1;2;;;
2009;1;3;;;
2009;1;4;;;
2009;1;5;;;
2009;1;6;;;
2009;1;7;;;
2009;1;8;;;
2009;1;9;;;
2009;1;10;;;
2009;1;11;;;
2009;1;12;;;
2009;1;13;;;
2009;1;14;;;
2009;1;15;;;
2009;1;16;;;
2009;1;17;;;
2009;1;18;;;
2009;1;19;;;
2009;1;20;;;
2009;1;21;;;
2009;1;22;;;
2009;1;23;;;
2009;1;24;;;
2009;1;25;;;
2009;1;26;;;
2009;1;27;;;
2009;1;28;;;
2009;1;29;;;
2009;1;30;;;
2009;1;31;;;
2009;2;1;74.839;74.839;
2009;2;2;76.25;76.25;
2009;2;3;75.113;75.113;
2009;2;4;76.96;76.96;
2009;2;5;77.62;77.62;
2009;2;6;79.839;79.839;
2009;2;7;80.142;80.142;
2009;2;8;78.451;78.451;
2009;2;9;80.089;80.089;
2009;2;10;80.088;80.088;
2009;2;11;78.436;78.436;
2009;2;12;71.074;71.074;
2009;2;13;68.547;68.547;
2009;2;14;77.815;77.815;
2009;2;15;70.131;70.131;
2009;2;16;60.874;60.874;
2009;2;17;73.046;73.046;
2009;2;18;68.453;68.453;
2009;2;19;73.187;73.187;
2009;2;20;34.894;34.894;
2009;2;21;36.744;36.744;
2009;2;22;37.601;37.601;
2009;2;23;64.557;64.557;
2009;2;24;71.26;71.26;
2009;2;25;71.806;71.806;
2009;2;26;71.677;71.677;
2009;2;27;72.983;72.983;
2009;2;28;73.726;73.726;
2009;3;1;74.415;74.415;
2009;3;2;75.858;75.858;
2009;3;3;74.411;74.411;
2009;3;4;75.54;75.54;
2009;3;5;76.097;76.097;
2009;3;6;76.19;76.19;
2009;3;7;76.369;76.369;
2009;3;8;75.065;75.065;
2009;3;9;76.0;76.0;
2009;3;10;75.041;75.041;
2009;3;11;71.906;71.906;
2009;3;12;72.226;72.226;
2009;3;13;71.938;71.938;
2009;3;14;71.909;71.909;
2009;3;15;61.629;61.629;
2009;3;16;67.147;67.147;
2009;3;17;62.085;62.085;
2009;3;18;48.226;48.226;
2009;3;19;48.186;48.186;
2009;3;20;48.031;48.031;
2009;3;21;27.613;27.613;
2009;3;22;20.126;20.126;
2009;3;23;15.997;15.997;
2009;3;24;23.366;23.366;
2009;3;25;25.035;25.035;
2009;3;26;22.458;22.458;
2009;3;27;20.952;20.952;
2009;3;28;20.617;20.617;
2009;3;29;36.093;36.093;
2009;3;30;20.62;20.62;
2009;3;31;8.956;8.956;
2009;4;1;19.835;19.835;
2009;4;2;32.809;32.809;
2009;4;3;29.853;29.853;
2009;4;4;21.263;21.263;
2009;4;5;8.212;8.212;
2009;4;6;0.021;0.021;
2009;4;7;0.0;0.0;
2009;4;8;0.001;0.001;
2009;4;9;0.0;0.0;
2009;4;10;0.0;0.0;
2009;4;11;0.0;0.0;
2009;4;12;0.0;0.0;
2009;4;13;0.0;0.0;
2009;4;14;0.0;0.0;
2009;4;15;0.0;0.0;
2009;4;16;0.004;0.004;
2009;4;17;6.865;6.865;
2009;4;18;6.593;6.593;
2009;4;19;3.777;3.777;
2009;4;20;0.205;0.205;
2009;4;21;0.908;0.908;
2009;4;22;0.198;0.198;
2009;4;23;0.198;0.198;
2009;4;24;0.672;0.672;
2009;4;25;0.194;0.194;
2009;4;26;0.197;0.197;
2009;4;27;0.196;0.196;
2009;4;28;0.195;0.195;
2009;4;29;0.632;0.632;
2009;4;30;0.058;0.058;
2009;5;1;0.002;0.002;
2009;5;2;0.01;0.01;
2009;5;3;0.492;0.492;
2009;5;4;0.0;0.0;
2009;5;5;0.0;0.0;
2009;5;6;0.0;0.0;
2009;5;7;0.0;0.0;
2009;5;8;0.0;0.0;
2009;5;9;0.0;0.0;
2009;5;10;0.0;0.0;
2009;5;11;0.0;0.0;
2009;5;12;0.0;0.0;
2009;5;13;0.0;0.0;
2009;5;14;0.0;0.0;
2009;5;15;0.0;0.0;
2009;5;16;0.0;0.0;
2009;5;17;0.0;0.0;
2009;5;18;0.0;0.0;
2009;5;19;0.0;0.0;
2009;5;20;0.0;0.0;
2009;5;21;0.0;0.0;
2009;5;22;0.0;0.0;
2009;5;23;0.0;0.0;
2009;5;24;0.258;0.258;
2009;5;25;0.269;0.269;
2009;5;26;0.226;0.226;
2009;5;27;0.257;0.257;
2009;5;28;0.0;0.0;
2009;5;29;0.226;0.226;
2009;5;30;0.0;0.0;
2009;5;31;0.0;0.0;
2009;6;1;0.0;0.0;
2009;6;2;0.0;0.0;
2009;6;3;0.0;0.0;
2009;6;4;0.0;0.0;
2009;6;5;0.0;0.0;
2009;6;6;0.0;0.0;
2009;6;7;0.0;0.0;
2009;6;8;0.03;0.03;
2009;6;9;0.101;0.101;
2009;6;10;0.081;0.081;
2009;6;11;0.096;0.096;
2009;6;12;0.738;0.738;
2009;6;13;0.498;0.498;
2009;6;14;0.172;0.172;
2009;6;15;0.084;0.084;
2009;6;16;0.103;0.103;
2009;6;17;0.119;0.119;
2009;6;18;0.202;0.202;
2009;6;19;0.0;0.0;
2009;6;20;0.0;0.0;
2009;6;21;0.0;0.0;
2009;6;22;0.0;0.0;
2009;6;23;0.0;0.0;
2009;6;24;0.0;0.0;
2009;6;25;0.0;0.0;
2009;6;26;0.0;0.0;
2009;6;27;0.0;0.0;
2009;6;28;0.0;0.0;
2009;6;29;0.0;0.0;
2009;6;30;4.258;4.258;
2009;7;1;3.675;3.675;
2009;7;2;1.065;1.065;
2009;7;3;0.0;0.0;
2009;7;4;0.0;0.0;
2009;7;5;0.0;0.0;
2009;7;6;0.0;0.0;
2009;7;7;0.0;0.0;
2009;7;8;0.0;0.0;
2009;7;9;0.0;0.0;
2009;7;10;0.0;0.0;
2009;7;11;0.0;0.0;
2009;7;12;0.0;0.0;
2009;7;13;0.0;0.0;
2009;7;14;0.0;0.0;
2009;7;15;0.0;0.0;
2009;7;16;0.063;0.063;
2009;7;17;0.021;0.021;
2009;7;18;0.059;0.059;
2009;7;19;0.011;0.011;
2009;7;20;0.124;0.124;
2009;7;21;0.005;0.005;
2009;7;22;0.004;0.004;
2009;7;23;0.034;0.034;
2009;7;24;0.641;0.641;
2009;7;25;0.544;0.544;
2009;7;26;0.975;0.975;
2009;7;27;0.995;0.995;
2009;7;28;0.0;0.0;
2009;7;29;0.0;0.0;
2009;7;30;0.0;0.0;
2009;7;31;0.0;0.0;
2009;8;1;0.0;0.0;
2009;8;2;0.0;0.0;
2009;8;3;0.0;0.0;
2009;8;4;0.0;0.0;
2009;8;5;0.0;0.0;
2009;8;6;0.0;0.0;
2009;8;7;0.0;0.0;
2009;8;8;0.0;0.0;
2009;8;9;0.022;0.022;
2009;8;10;0.0;0.0;
2009;8;11;0.0;0.0;
2009;8;12;0.0;0.0;
2009;8;13;0.0;0.0;
2009;8;14;0.0;0.0;
2009;8;15;0.0;0.0;
2009;8;16;0.004;0.004;
2009;8;17;0.403;0.403;
2009;8;18;0.0;0.0;
2009;8;19;0.0;0.0;
2009;8;20;0.011;0.011;
2009;8;21;0.634;0.634;
2009;8;22;0.623;0.623;
2009;8;23;1.685;1.685;
2009;8;24;0.0;0.0;
2009;8;25;0.0;0.0;
2009;8;26;0.014;0.014;
2009;8;27;2.177;2.177;
2009;8;28;0.0;0.0;
2009;8;29;0.0;0.0;
2009;8;30;0.0;0.0;
2009;8;31;0.0;0.0;
2009;9;1;0.0;0.0;
2009;9;2;0.0;0.0;
2009;9;3;0.0;0.0;
2009;9;4;0.0;0.0;
2009;9;5;0.0;0.0;
2009;9;6;0.0;0.0;
2009;9;7;0.0;0.0;
2009;9;8;0.0;0.0;
2009;9;9;0.0;0.0;
2009;9;10;0.0;0.0;
2009;9;11;0.0;0.0;
2009;9;12;0.0;0.0;
2009;9;13;0.0;0.0;
2009;9;14;0.0;0.0;
2009;9;15;0.0;0.0;
2009;9;16;0.0;0.0;
2009;9;17;0.0;0.0;
2009;9;18;0.0;0.0;
2009;9;19;0.0;0.0;
2009;9;20;0.106;0.106;
2009;9;21;0.149;0.149;
2009;9;22;0.295;0.295;
2009;9;23;0.194;0.194;
2009;9;24;0.0;0.0;
2009;9;25;0.0;0.0;
2009;9;26;0.0;0.0;
2009;9;27;0.597;0.597;
2009;9;28;2.387;2.387;
2009;9;29;2.436;2.436;
2009;9;30;0.514;0.514;
2009;10;1;12.138;12.138;
2009;10;2;61.138;61.138;
2009;10;3;77.96;77.96;
2009;10;4;79.322;79.322;
2009;10;5;77.591;77.591;
2009;10;6;77.639;77.639;
2009;10;7;78.065;78.065;
2009;10;8;75.255;75.255;
2009;10;9;18.236;18.236;
2009;10;10;38.77;38.77;
2009;10;11;13.6;13.6;
2009;10;12;25.461;25.461;
2009;10;13;1.025;1.025;
2009;10;14;0.334;0.334;
2009;10;15;5.787;5.787;
2009;10;16;4.546;4.546;
2009;10;17;25.194;25.194;
2009;10;18;23.422;23.422;
2009;10;19;31.272;31.272;
2009;10;20;31.689;31.689;
2009;10;21;26.51;26.51;
2009;10;22;24.518;24.518;
2009;10;23;24.656;24.656;
2009;10;24;24.228;24.228;
2009;10;25;25.512;25.512;
2009;10;26;27.59;27.59;
2009;10;27;21.232;21.232;
2009;10;28;22.678;22.678;
2009;10;29;22.538;22.538;
2009;10;30;15.14;15.14;
2009;10;31;15.852;15.852;
2009;11;1;;;
2009;11;2;;;
2009;11;3;;;
2009;11;4;;;
2009;11;5;;;
2009;11;6;;;
2009;11;7;;;
2009;11;8;;;
2009;11;9;;;
2009;11;10;;;
2009;11;11;;;
2009;11;12;;;
2009;11;13;;;
2009;11;14;;;
2009;11;15;;;
2009;11;16;;;
2009;11;17;;;
2009;11;18;;;
2009;11;19;;;
2009;11;20;;;
2009;11;21;;;
2009;11;22;;;
2009;11;23;;;
2009;11;24;;;
2009;11;25;;;
2009;11;26;;;
2009;11;27;;;
2009;11;28;;;
2009;11;29;;;
2009;11;30;;;
2009;12;1;;;
2009;12;2;;;
2009;12;3;;;
2009;12;4;;;
2009;12;5;;;
2009;12;6;;;
2009;12;7;;;
2009;12;8;;;
2009;12;9;;;
2009;12;10;;;
2009;12;11;;;
2009;12;12;;;
2009;12;13;;;
2009;12;14;;;
2009;12;15;;;
2009;12;16;;;
2009;12;17;;;
2009;12;18;;;
2009;12;19;;;
2009;12;20;;;
2009;12;21;;;
2009;12;22;;;
2009;12;23;;;
2009;12;24;;;
2009;12;25;;;
2009;12;26;;;
2009;12;27;;;
2009;12;28;;;
2009;12;29;;;
2009;12;30;;;
2009;12;31;;;
2010;1;1;;;
2010;1;2;;;
2010;1;3;;;
2010;1;4;;;
2010;1;5;;;
2010;1;6;;;
2010;1;7;;;
2010;1;8;;;
2010;1;9;;;
2010;1;10;;;
2010;1;11;;;
2010;1;12;;;
2010;1;13;;;
2010;1;14;;;
2010;1;15;;;
2010;1;16;;;
2010;1;17;;;
2010;1;18;;;
2010;1;19;;;
2010;1;20;;;
2010;1;21;;;
2010;1;22;;;
2010;1;23;;;
2010;1;24;;;
2010;1;25;;;
2010;1;26;;;
2010;1;27;;;
2010;1;28;;;
2010;1;29;;;
2010;1;30;;;
2010;1;31;;;
2010;2;1;0.246;0.246;
2010;2;2;0.242;0.242;
2010;2;3;0.694;0.694;
2010;2;4;0.235;0.235;
2010;2;5;0.0;0.0;
2010;2;6;0.0;0.0;
2010;2;7;0.001;0.001;
2010;2;8;0.219;0.219;
2010;2;9;0.454;0.454;
2010;2;10;0.357;0.357;
2010;2;11;1.263;1.263;
2010;2;12;2.116;2.116;
2010;2;13;16.335;16.335;
2010;2;14;17.381;17.381;
2010;2;15;10.437;10.437;
2010;2;16;19.159;19.159;
2010;2;17;31.613;31.613;
2010;2;18;21.806;21.806;
2010;2;19;12.391;12.391;
2010;2;20;15.766;15.766;
2010;2;21;28.396;28.396;
2010;2;22;21.007;21.007;
2010;2;23;16.64;16.64;
2010;2;24;8.951;8.951;
2010;2;25;9.033;9.033;
2010;2;26;19.761;19.761;
2010;2;27;23.683;23.683;
2010;2;28;56.049;56.049;
2010;3;1;70.551;70.551;
2010;3;2;70.703;70.703;
2010;3;3;70.952;70.952;
2010;3;4;65.403;65.403;
2010;3;5;70.76;70.76;
2010;3;6;35.242;35.242;
2010;3;7;2.474;2.474;
2010;3;8;3.148;3.148;
2010;3;9;0.775;0.775;
2010;3;10;0.242;0.242;
2010;3;11;0.242;0.242;
2010;3;12;0.242;0.242;
2010;3;13;0.242;0.242;
2010;3;14;0.242;0.242;
2010;3;15;0.242;0.242;
2010;3;16;0.242;0.242;
2010;3;17;0.242;0.242;
2010;3;18;1.431;1.431;
2010;3;19;0.002;0.002;
2010;3;20;0.019;0.019;
2010;3;21;0.0;0.0;
2010;3;22;0.0;0.0;
2010;3;23;0.0;0.0;
2010;3;24;0.0;0.0;
2010;3;25;0.0;0.0;
2010;3;26;0.0;0.0;
2010;3;27;0.0;0.0;
2010;3;28;0.0;0.0;
2010;3;29;0.0;0.0;
2010;3;30;0.0;0.0;
2010;3;31;0.0;0.0;
2010;4;1;0.0;0.0;
2010;4;2;0.0;0.0;
2010;4;3;0.0;0.0;
2010;4;4;0.0;0.0;
2010;4;5;0.0;0.0;
2010;4;6;0.0;0.0;
2010;4;7;0.0;0.0;
2010;4;8;0.0;0.0;
2010;4;9;0.0;0.0;
2010;4;10;0.021;0.021;
2010;4;11;0.021;0.021;
2010;4;12;0.0;0.0;
2010;4;13;0.002;0.002;
2010;4;14;0.0;0.0;
2010;4;15;0.0;0.0;
2010;4;16;0.0;0.0;
2010;4;17;0.0;0.0;
2010;4;18;0.0;0.0;
2010;4;19;0.0;0.0;
2010;4;20;0.0;0.0;
2010;4;21;0.0;0.0;
2010;4;22;0.0;0.0;
2010;4;23;0.0;0.0;
2010;4;24;0.0;0.0;
2010;4;25;0.0;0.0;
2010;4;26;0.0;0.0;
2010;4;27;0.665;0.665;
2010;4;28;0.735;0.735;
2010;4;29;0.0;0.0;
2010;4;30;0.0;0.0;
2010;5;1;0.0;0.0;
2010;5;2;0.0;0.0;
2010;5;3;0.0;0.0;
2010;5;4;0.0;0.0;
2010;5;5;0.0;0.0;
2010;5;6;0.0;0.0;
2010;5;7;0.0;0.0;
2010;5;8;0.0;0.0;
2010;5;9;0.0;0.0;
2010;5;10;0.0;0.0;
2010;5;11;0.0;0.0;
2010;5;12;0.0;0.0;
2010;5;13;0.0;0.0;
2010;5;14;0.0;0.0;
2010;5;15;0.0;0.0;
2010;5;16;0.0;0.0;
2010;5;17;0.0;0.0;
2010;5;18;0.002;0.002;
2010;5;19;0.003;0.003;
2010;5;20;0.0;0.0;
2010;5;21;0.0;0.0;
2010;5;22;0.0;0.0;
2010;5;23;0.0;0.0;
2010;5;24;0.0;0.0;
2010;5;25;0.0;0.0;
2010;5;26;0.0;0.0;
2010;5;27;0.0;0.0;
2010;5;28;0.0;0.0;
2010;5;29;0.0;0.0;
2010;5;30;0.0;0.0;
2010;5;31;0.0;0.0;
2010;6;1;0.0;0.0;
2010;6;2;0.0;0.0;
2010;6;3;0.0;0.0;
2010;6;4;0.0;0.0;
2010;6;5;1.098;1.098;
2010;6;6;0.0;0.0;
2010;6;7;0.0;0.0;
2010;6;8;0.0;0.0;
2010;6;9;0.0;0.0;
2010;6;10;0.0;0.0;
2010;6;11;0.0;0.0;
2010;6;12;0.0;0.0;
2010;6;13;0.0;0.0;
2010;6;14;0.0;0.0;
2010;6;15;0.0;0.0;
2010;6;16;0.0;0.0;
2010;6;17;0.0;0.0;
2010;6;18;0.0;0.0;
2010;6;19;0.0;0.0;
2010;6;20;0.0;0.0;
2010;6;21;0.0;0.0;
2010;6;22;0.0;0.0;
2010;6;23;0.0;0.0;
2010;6;24;0.0;0.0;
2010;6;25;0.0;0.0;
2010;6;26;2.969;2.969;
2010;6;27;2.568;2.568;
2010;6;28;2.645;2.645;
2010;6;29;2.538;2.538;
2010;6;30;3.113;3.113;
2010;7;1;3.509;3.509;
2010;7;2;3.754;3.754;
2010;7;3;0.827;0.827;
2010;7;4;1.315;1.315;
2010;7;5;0.885;0.885;
2010;7;6;0.054;0.054;
2010;7;7;0.03;0.03;
2010;7;8;0.0;0.0;
2010;7;9;0.0;0.0;
2010;7;10;0.0;0.0;
2010;7;11;0.0;0.0;
2010;7;12;0.0;0.0;
2010;7;13;0.0;0.0;
2010;7;14;0.0;0.0;
2010;7;15;0.0;0.0;
2010;7;16;0.0;0.0;
2010;7;17;0.0;0.0;
2010;7;18;0.0;0.0;
2010;7;19;0.0;0.0;
2010;7;20;0.0;0.0;
2010;7;21;0.0;0.0;
2010;7;22;0.0;0.0;
2010;7;23;0.0;0.0;
2010;7;24;0.0;0.0;
2010;7;25;0.0;0.0;
2010;7;26;0.0;0.0;
2010;7;27;0.048;0.048;
2010;7;28;0.028;0.028;
2010;7;29;0.031;0.031;
2010;7;30;0.0;0.0;
2010;7;31;0.0;0.0;
2010;8;1;0.0;0.0;
2010;8;2;0.0;0.0;
2010;8;3;0.0;0.0;
2010;8;4;0.0;0.0;
2010;8;5;0.0;0.0;
2010;8;6;0.0;0.0;
2010;8;7;0.0;0.0;
2010;8;8;0.0;0.0;
2010;8;9;0.0;0.0;
2010;8;10;3.082;3.082;
2010;8;11;0.672;0.672;
2010;8;12;0.0;0.0;
2010;8;13;0.0;0.0;
2010;8;14;0.0;0.0;
2010;8;15;0.0;0.0;
2010;8;16;0.0;0.0;
2010;8;17;0.0;0.0;
2010;8;18;0.0;0.0;
2010;8;19;0.0;0.0;
2010;8;20;0.0;0.0;
2010;8;21;0.0;0.0;
2010;8;22;0.0;0.0;
2010;8;23;0.0;0.0;
2010;8;24;0.0;0.0;
2010;8;25;0.0;0.0;
2010;8;26;0.0;0.0;
2010;8;27;0.0;0.0;
2010;8;28;0.0;0.0;
2010;8;29;0.0;0.0;
2010;8;30;0.0;0.0;
2010;8;31;0.0;0.0;
2010;9;1;0.0;0.0;
2010;9;2;0.0;0.0;
2010;9;3;8.822;8.822;
2010;9;4;10.11;10.11;
2010;9;5;29.769;29.769;
2010;9;6;1.553;1.553;
2010;9;7;5.506;5.506;
2010;9;8;5.733;5.733;
2010;9;9;4.678;4.678;
2010;9;10;0.226;0.226;
2010;9;11;0.226;0.226;
2010;9;12;0.226;0.226;
2010;9;13;0.0;0.0;
2010;9;14;0.0;0.0;
2010;9;15;0.0;0.0;
2010;9;16;0.0;0.0;
2010;9;17;0.0;0.0;
2010;9;18;0.0;0.0;
2010;9;19;0.0;0.0;
2010;9;20;0.0;0.0;
2010;9;21;0.0;0.0;
2010;9;22;0.306;0.306;
2010;9;23;0.35;0.35;
2010;9;24;0.373;0.373;
2010;9;25;9.269;9.269;
2010;9;26;9.639;9.639;
2010;9;27;8.541;8.541;
2010;9;28;6.673;6.673;
2010;9;29;0.547;0.547;
2010;9;30;0.691;0.691;
2010;10;1;2.742;2.742;
2010;10;2;0.002;0.002;
2010;10;3;0.002;0.002;
2010;10;4;0.023;0.023;
2010;10;5;0.005;0.005;
2010;10;6;1.165;1.165;
2010;10;7;0.023;0.023;
2010;10;8;0.006;0.006;
2010;10;9;0.004;0.004;
2010;10;10;1.268;1.268;
2010;10;11;1.315;1.315;
2010;10;12;0.002;0.002;
2010;10;13;0.638;0.638;
2010;10;14;0.0;0.0;
2010;10;15;0.403;0.403;
2010;10;16;0.0;0.0;
2010;10;17;0.0;0.0;
2010;10;18;0.0;0.0;
2010;10;19;0.0;0.0;
2010;10;20;0.0;0.0;
2010;10;21;0.0;0.0;
2010;10;22;0.0;0.0;
2010;10;23;0.0;0.0;
2010;10;24;0.0;0.0;
2010;10;25;0.0;0.0;
2010;10;26;0.0;0.0;
2010;10;27;0.172;0.172;
2010;10;28;0.857;0.857;
2010;10;29;0.88;0.88;
2010;10;30;1.452;1.452;
2010;10;31;0.825;0.825;
2010;11;1;;;
2010;11;2;;;
2010;11;3;;;
2010;11;4;;;
2010;11;5;;;
2010;11;6;;;
2010;11;7;;;
2010;11;8;;;
2010;11;9;;;
2010;11;10;;;
2010;11;11;;;
2010;11;12;;;
2010;11;13;;;
2010;11;14;;;
2010;11;15;;;
2010;11;16;;;
2010;11;17;;;
2010;11;18;;;
2010;11;19;;;
2010;11;20;;;
2010;11;21;;;
2010;11;22;;;
2010;11;23;;;
2010;11;24;;;
2010;11;25;;;
2010;11;26;;;
2010;11;27;;;
2010;11;28;;;
2010;11;29;;;
2010;11;30;;;
2010;12;1;;;
2010;12;2;;;
2010;12;3;;;
2010;12;4;;;
2010;12;5;;;
2010;12;6;;;
2010;12;7;;;
2010;12;8;;;
2010;12;9;;;
2010;12;10;;;
2010;12;11;;;
2010;12;12;;;
2010;12;13;;;
2010;12;14;;;
2010;12;15;;;
2010;12;16;;;
2010;12;17;;;
2010;12;18;;;
2010;12;19;;;
2010;12;20;;;
2010;12;21;;;
2010;12;22;;;
2010;12;23;;;
2010;12;24;;;
2010;12;25;;;
2010;12;26;;;
2010;12;27;;;
2010;12;28;;;
2010;12;29;;;
2010;12;30;;;
2010;12;31;;;
2011;1;1;;;
2011;1;2;;;
2011;1;3;;;
2011;1;4;;;
2011;1;5;;;
2011;1;6;;;
2011;1;7;;;
2011;1;8;;;
2011;1;9;;;
2011;1;10;;;
2011;1;11;;;
2011;1;12;;;
2011;1;13;;;
2011;1;14;;;
2011;1;15;;;
2011;1;16;;;
2011;1;17;;;
2011;1;18;;;
2011;1;19;;;
2011;1;20;;;
2011;1;21;;;
2011;1;22;;;
2011;1;23;;;
2011;1;24;;;
2011;1;25;;;
2011;1;26;;;
2011;1;27;;;
2011;1;28;;;
2011;1;29;;;
2011;1;30;;;
2011;1;31;;;
2011;2;1;28.943;28.943;
2011;2;2;42.706;42.706;
2011;2;3;46.225;46.225;
2011;2;4;45.973;45.973;
2011;2;5;63.131;63.131;
2011;2;6;63.159;63.159;
2011;2;7;64.624;64.624;
2011;2;8;65.889;65.889;
2011;2;9;66.283;66.283;
2011;2;10;66.75;66.75;
2011;2;11;66.275;66.275;
2011;2;12;66.242;66.242;
2011;2;13;65.718;65.718;
2011;2;14;66.792;66.792;
2011;2;15;67.49;67.49;
2011;2;16;64.954;64.954;
2011;2;17;64.707;64.707;
2011;2;18;64.914;64.914;
2011;2;19;52.188;52.188;
2011;2;20;41.268;41.268;
2011;2;21;39.812;39.812;
2011;2;22;40.676;40.676;
2011;2;23;45.047;45.047;
2011;2;24;45.039;45.039;
2011;2;25;40.714;40.714;
2011;2;26;40.092;40.092;
2011;2;27;24.246;24.246;
2011;2;28;23.105;23.105;
2011;3;1;17.771;17.771;
2011;3;2;17.043;17.043;
2011;3;3;18.18;18.18;
2011;3;4;29.318;29.318;
2011;3;5;72.538;72.538;
2011;3;6;73.823;73.823;
2011;3;7;73.365;73.365;
2011;3;8;73.355;73.355;
2011;3;9;73.823;73.823;
2011;3;10;73.935;73.935;
2011;3;11;72.798;72.798;
2011;3;12;73.081;73.081;
2011;3;13;72.911;72.911;
2011;3;14;72.911;72.911;
2011;3;15;72.573;72.573;
2011;3;16;72.492;72.492;
2011;3;17;63.726;63.726;
2011;3;18;62.314;62.314;
2011;3;19;62.732;62.732;
2011;3;20;62.537;62.537;
2011;3;21;65.621;65.621;
2011;3;22;64.17;64.17;
2011;3;23;66.339;66.339;
2011;3;24;82.546;82.546;
2011;3;25;83.035;83.035;
2011;3;26;83.515;83.515;
2011;3;27;66.243;66.243;
2011;3;28;37.608;37.608;
2011;3;29;37.446;37.446;
2011;3;30;41.308;41.308;
2011;3;31;17.256;17.256;
2011;4;1;1.247;1.247;
2011;4;2;0.0;0.0;
2011;4;3;0.0;0.0;
2011;4;4;0.0;0.0;
2011;4;5;0.0;0.0;
2011;4;6;0.0;0.0;
2011;4;7;0.0;0.0;
2011;4;8;0.004;0.004;
2011;4;9;0.004;0.004;
2011;4;10;0.013;0.013;
2011;4;11;0.034;0.034;
2011;4;12;0.0;0.0;
2011;4;13;0.625;0.625;
2011;4;14;0.605;0.605;
2011;4;15;2.468;2.468;
2011;4;16;0.205;0.205;
2011;4;17;0.205;0.205;
2011;4;18;0.642;0.642;
2011;4;19;0.21;0.21;
2011;4;20;1.139;1.139;
2011;4;21;0.0;0.0;
2011;4;22;0.0;0.0;
2011;4;23;0.0;0.0;
2011;4;24;0.001;0.001;
2011;4;25;0.505;0.505;
2011;4;26;0.001;0.001;
2011;4;27;0.0;0.0;
2011;4;28;0.0;0.0;
2011;4;29;0.0;0.0;
2011;4;30;0.0;0.0;
2011;5;1;0.0;0.0;
2011;5;2;0.0;0.0;
2011;5;3;0.0;0.0;
2011;5;4;0.0;0.0;
2011;5;5;0.0;0.0;
2011;5;6;0.0;0.0;
2011;5;7;0.0;0.0;
2011;5;8;0.0;0.0;
2011;5;9;0.0;0.0;
2011;5;10;0.0;0.0;
2011;5;11;0.0;0.0;
2011;5;12;0.0;0.0;
2011;5;13;0.0;0.0;
2011;5;14;0.0;0.0;
2011;5;15;0.0;0.0;
2011;5;16;0.0;0.0;
2011;5;17;0.0;0.0;
2011;5;18;0.0;0.0;
2011;5;19;0.0;0.0;
2011;5;20;0.004;0.004;
2011;5;21;0.004;0.004;
2011;5;22;0.011;0.011;
2011;5;23;0.001;0.001;
2011;5;24;0.458;0.458;
2011;5;25;0.589;0.589;
2011;5;26;0.228;0.228;
2011;5;27;9.597;9.597;
2011;5;28;13.157;13.157;
2011;5;29;2.483;2.483;
2011;5;30;0.004;0.004;
2011;5;31;0.002;0.002;
2011;6;1;0.002;0.002;
2011;6;2;0.0;0.0;
2011;6;3;0.0;0.0;
2011;6;4;0.0;0.0;
2011;6;5;0.0;0.0;
2011;6;6;0.0;0.0;
2011;6;7;0.0;0.0;
2011;6;8;0.0;0.0;
2011;6;9;0.0;0.0;
2011;6;10;0.0;0.0;
2011;6;11;0.0;0.0;
2011;6;12;0.0;0.0;
2011;6;13;0.0;0.0;
2011;6;14;0.0;0.0;
2011;6;15;0.0;0.0;
2011;6;16;0.0;0.0;
2011;6;17;0.0;0.0;
2011;6;18;0.012;0.012;
2011;6;19;0.004;0.004;
2011;6;20;0.004;0.004;
2011;6;21;0.007;0.007;
2011;6;22;0.063;0.063;
2011;6;23;4.434;4.434;
2011;6;24;0.0;0.0;
2011;6;25;0.0;0.0;
2011;6;26;0.001;0.001;
2011;6;27;0.001;0.001;
2011;6;28;1.265;1.265;
2011;6;29;0.002;0.002;
2011;6;30;0.0;0.0;
2011;7;1;0.0;0.0;
2011;7;2;0.001;0.001;
2011;7;3;0.0;0.0;
2011;7;4;0.0;0.0;
2011;7;5;0.001;0.001;
2011;7;6;0.003;0.003;
2011;7;7;0.004;0.004;
2011;7;8;0.001;0.001;
2011;7;9;0.002;0.002;
2011;7;10;0.001;0.001;
2011;7;11;0.0;0.0;
2011;7;12;0.0;0.0;
2011;7;13;0.0;0.0;
2011;7;14;0.0;0.0;
2011;7;15;0.0;0.0;
2011;7;16;0.0;0.0;
2011;7;17;0.0;0.0;
2011;7;18;0.0;0.0;
2011;7;19;0.0;0.0;
2011;7;20;0.0;0.0;
2011;7;21;0.0;0.0;
2011;7;22;0.001;0.001;
2011;7;23;0.001;0.001;
2011;7;24;0.001;0.001;
2011;7;25;0.374;0.374;
2011;7;26;0.354;0.354;
2011;7;27;0.493;0.493;
2011;7;28;2.423;2.423;
2011;7;29;2.555;2.555;
2011;7;30;2.359;2.359;
2011;7;31;3.158;3.158;
2011;8;1;1.256;1.256;
2011;8;2;0.063;0.063;
2011;8;3;0.0;0.0;
2011;8;4;0.0;0.0;
2011;8;5;0.0;0.0;
2011;8;6;0.0;0.0;
2011;8;7;0.0;0.0;
2011;8;8;0.0;0.0;
2011;8;9;0.0;0.0;
2011;8;10;0.0;0.0;
2011;8;11;0.0;0.0;
2011;8;12;0.0;0.0;
2011;8;13;0.0;0.0;
2011;8;14;0.0;0.0;
2011;8;15;0.001;0.001;
2011;8;16;0.024;0.024;
2011;8;17;0.018;0.018;
2011;8;18;0.02;0.02;
2011;8;19;0.001;0.001;
2011;8;20;0.0;0.0;
2011;8;21;0.0;0.0;
2011;8;22;0.0;0.0;
2011;8;23;0.0;0.0;
2011;8;24;0.0;0.0;
2011;8;25;0.0;0.0;
2011;8;26;0.0;0.0;
2011;8;27;0.0;0.0;
2011;8;28;0.0;0.0;
2011;8;29;0.0;0.0;
2011;8;30;0.0;0.0;
2011;8;31;0.0;0.0;
2011;9;1;0.0;0.0;
2011;9;2;13.709;13.709;
2011;9;3;11.355;11.355;
2011;9;4;13.453;13.453;
2011;9;5;0.0;0.0;
2011;9;6;0.0;0.0;
2011;9;7;0.0;0.0;
2011;9;8;0.0;0.0;
2011;9;9;0.0;0.0;
2011;9;10;0.0;0.0;
2011;9;11;0.0;0.0;
2011;9;12;0.0;0.0;
2011;9;13;0.0;0.0;
2011;9;14;0.0;0.0;
2011;9;15;0.352;0.352;
2011;9;16;0.452;0.452;
2011;9;17;0.435;0.435;
2011;9;18;0.448;0.448;
2011;9;19;0.948;0.948;
2011;9;20;0.857;0.857;
2011;9;21;0.45;0.45;
2011;9;22;0.79;0.79;
2011;9;23;0.38;0.38;
2011;9;24;0.373;0.373;
2011;9;25;0.077;0.077;
2011;9;26;0.987;0.987;
2011;9;27;48.336;48.336;
2011;9;28;60.897;60.897;
2011;9;29;6.816;6.816;
2011;9;30;7.484;7.484;
2011;10;1;2.71;2.71;
2011;10;2;0.0;0.0;
2011;10;3;0.0;0.0;
2011;10;4;0.0;0.0;
2011;10;5;0.0;0.0;
2011;10;6;0.0;0.0;
2011;10;7;0.0;0.0;
2011;10;8;0.0;0.0;
2011;10;9;0.0;0.0;
2011;10;10;0.0;0.0;
2011;10;11;0.0;0.0;
2011;10;12;0.081;0.081;
2011;10;13;0.081;0.081;
2011;10;14;0.389;0.389;
2011;10;15;0.396;0.396;
2011;10;16;16.978;16.978;
2011;10;17;39.572;39.572;
2011;10;18;37.337;37.337;
2011;10;19;19.016;19.016;
2011;10;20;19.034;19.034;
2011;10;21;22.303;22.303;
2011;10;22;17.193;17.193;
2011;10;23;13.392;13.392;
2011;10;24;9.79;9.79;
2011;10;25;15.2;15.2;
2011;10;26;16.053;16.053;
2011;10;27;22.043;22.043;
2011;10;28;15.553;15.553;
2011;10;29;16.666;16.666;
2011;10;30;23.152;23.152;
2011;10;31;18.894;18.894;
2011;11;1;;;
2011;11;2;;;
2011;11;3;;;
2011;11;4;;;
2011;11;5;;;
2011;11;6;;;
2011;11;7;;;
2011;11;8;;;
2011;11;9;;;
2011;11;10;;;
2011;11;11;;;
2011;11;12;;;
2011;11;13;;;
2011;11;14;;;
2011;11;15;;;
2011;11;16;;;
2011;11;17;;;
2011;11;18;;;
2011;11;19;;;
2011;11;20;;;
2011;11;21;;;
2011;11;22;;;
2011;11;23;;;
2011;11;24;;;
2011;11;25;;;
2011;11;26;;;
2011;11;27;;;
2011;11;28;;;
2011;11;29;;;
2011;11;30;;;
2011;12;1;;;
2011;12;2;;;
2011;12;3;;;
2011;12;4;;;
2011;12;5;;;
2011;12;6;;;
2011;12;7;;;
2011;12;8;;;
2011;12;9;;;
2011;12;10;;;
2011;12;11;;;
2011;12;12;;;
2011;12;13;;;
2011;12;14;;;
2011;12;15;;;
2011;12;16;;;
2011;12;17;;;
2011;12;18;;;
2011;12;19;;;
2011;12;20;;;
2011;12;21;;;
2011;12;22;;;
2011;12;23;;;
2011;12;24;;;
2011;12;25;;;
2011;12;26;;;
2011;12;27;;;
2011;12;28;;;
2011;12;29;;;
2011;12;30;;;
2011;12;31;;;
2012;1;1;;;
2012;1;2;;;
2012;1;3;;;
2012;1;4;;;
2012;1;5;;;
2012;1;6;;;
2012;1;7;;;
2012;1;8;;;
2012;1;9;;;
2012;1;10;;;
2012;1;11;;;
2012;1;12;;;
2012;1;13;;;
2012;1;14;;;
2012;1;15;;;
2012;1;16;;;
2012;1;17;;;
2012;1;18;;;
2012;1;19;;;
2012;1;20;;;
2012;1;21;;;
2012;1;22;;;
2012;1;23;;;
2012;1;24;;;
2012;1;25;;;
2012;1;26;;;
2012;1;27;;;
2012;1;28;;;
2012;1;29;;;
2012;1;30;;;
2012;1;31;;;
2012;2;1;53.777;53.777;
2012;2;2;53.631;53.631;
2012;2;3;57.379;57.379;
2012;2;4;54.281;54.281;
2012;2;5;44.581;44.581;
2012;2;6;43.629;43.629;
2012;2;7;43.86;43.86;
2012;2;8;43.896;43.896;
2012;2;9;38.47;38.47;
2012;2;10;38.401;38.401;
2012;2;11;37.633;37.633;
2012;2;12;37.788;37.788;
2012;2;13;42.539;42.539;
2012;2;14;39.435;39.435;
2012;2;15;46.024;46.024;
2012;2;16;45.798;45.798;
2012;2;17;53.769;53.769;
2012;2;18;53.976;53.976;
2012;2;19;53.668;53.668;
2012;2;20;58.726;58.726;
2012;2;21;58.827;58.827;
2012;2;22;61.669;61.669;
2012;2;23;58.725;58.725;
2012;2;24;52.282;52.282;
2012;2;25;54.927;54.927;
2012;2;26;43.638;43.638;
2012;2;27;41.347;41.347;
2012;2;28;34.21;34.21;
2012;2;29;36.518;36.518;
2012;3;1;36.839;36.839;
2012;3;2;33.585;33.585;
2012;3;3;33.461;33.461;
2012;3;4;37.399;37.399;
2012;3;5;37.156;37.156;
2012;3;6;64.377;64.377;
2012;3;7;24.159;24.159;
2012;3;8;18.787;18.787;
2012;3;9;20.383;20.383;
2012;3;10;65.748;65.748;
2012;3;11;65.775;65.775;
2012;3;12;63.124;63.124;
2012;3;13;60.939;60.939;
2012;3;14;61.094;61.094;
2012;3;15;61.097;61.097;
2012;3;16;52.234;52.234;
2012;3;17;51.688;51.688;
2012;3;18;61.016;61.016;
2012;3;19;52.541;52.541;
2012;3;20;54.053;54.053;
2012;3;21;50.613;50.613;
2012;3;22;50.069;50.069;
2012;3;23;48.991;48.991;
2012;3;24;36.36;36.36;
2012;3;25;19.255;19.255;
2012;3;26;18.0;18.0;
2012;3;27;0.028;0.028;
2012;3;28;0.007;0.007;
2012;3;29;8.402;8.402;
2012;3;30;23.751;23.751;
2012;3;31;24.237;24.237;
2012;4;1;0.039;0.039;
2012;4;2;0.016;0.016;
2012;4;3;4.677;4.677;
2012;4;4;0.065;0.065;
2012;4;5;6.748;6.748;
2012;4;6;13.694;13.694;
2012;4;7;24.954;24.954;
2012;4;8;20.884;20.884;
2012;4;9;0.052;0.052;
2012;4;10;0.01;0.01;
2012;4;11;0.017;0.017;
2012;4;12;0.027;0.027;
2012;4;13;0.004;0.004;
2012;4;14;0.0;0.0;
2012;4;15;0.0;0.0;
2012;4;16;0.0;0.0;
2012;4;17;0.0;0.0;
2012;4;18;0.0;0.0;
2012;4;19;0.0;0.0;
2012;4;20;0.0;0.0;
2012;4;21;0.0;0.0;
2012;4;22;0.0;0.0;
2012;4;23;0.0;0.0;
2012;4;24;0.0;0.0;
2012;4;25;0.0;0.0;
2012;4;26;0.0;0.0;
2012;4;27;0.0;0.0;
2012;4;28;0.0;0.0;
2012;4;29;0.0;0.0;
2012;4;30;0.0;0.0;
2012;5;1;0.0;0.0;
2012;5;2;0.0;0.0;
2012;5;3;0.0;0.0;
2012;5;4;0.0;0.0;
2012;5;5;0.0;0.0;
2012;5;6;0.0;0.0;
2012;5;7;0.0;0.0;
2012;5;8;0.0;0.0;
2012;5;9;0.0;0.0;
2012;5;10;0.0;0.0;
2012;5;11;0.0;0.0;
2012;5;12;0.0;0.0;
2012;5;13;0.0;0.0;
2012;5;14;0.0;0.0;
2012;5;15;0.0;0.0;
2012;5;16;0.0;0.0;
2012;5;17;0.0;0.0;
2012;5;18;0.0;0.0;
2012;5;19;0.0;0.0;
2012;5;20;0.0;0.0;
2012;5;21;0.0;0.0;
2012;5;22;0.0;0.0;
2012;5;23;0.0;0.0;
2012;5;24;0.0;0.0;
2012;5;25;0.0;0.0;
2012;5;26;0.0;0.0;
2012;5;27;0.0;0.0;
2012;5;28;0.0;0.0;
2012;5;29;0.0;0.0;
2012;5;30;0.0;0.0;
2012;5;31;0.0;0.0;
2012;6;1;0.0;0.0;
2012;6;2;0.0;0.0;
2012;6;3;0.0;0.0;
2012;6;4;0.0;0.0;
2012;6;5;0.0;0.0;
2012;6;6;0.0;0.0;
2012;6;7;0.0;0.0;
2012;6;8;0.0;0.0;
2012;6;9;0.0;0.0;
2012;6;10;0.0;0.0;
2012;6;11;0.0;0.0;
2012;6;12;0.0;0.0;
2012;6;13;0.0;0.0;
2012;6;14;0.0;0.0;
2012;6;15;0.009;0.009;
2012;6;16;0.018;0.018;
2012;6;17;4.702;4.702;
2012;6;18;0.0;0.0;
2012;6;19;0.0;0.0;
2012;6;20;0.0;0.0;
2012;6;21;0.0;0.0;
2012;6;22;0.0;0.0;
2012;6;23;0.0;0.0;
2012;6;24;0.0;0.0;
2012;6;25;0.0;0.0;
2012;6;26;0.0;0.0;
2012;6;27;0.0;0.0;
2012;6;28;0.0;0.0;
2012;6;29;0.0;0.0;
2012;6;30;0.0;0.0;
2012;7;1;0.0;0.0;
2012;7;2;0.0;0.0;
2012;7;3;0.0;0.0;
2012;7;4;0.0;0.0;
2012;7;5;0.0;0.0;
2012;7;6;0.0;0.0;
2012;7;7;0.0;0.0;
2012;7;8;0.0;0.0;
2012;7;9;0.0;0.0;
2012;7;10;0.0;0.0;
2012;7;11;0.0;0.0;
2012;7;12;0.0;0.0;
2012;7;13;0.0;0.0;
2012;7;14;0.0;0.0;
2012;7;15;0.0;0.0;
2012;7;16;0.0;0.0;
2012;7;17;0.0;0.0;
2012;7;18;0.0;0.0;
2012;7;19;0.049;0.049;
2012;7;20;0.011;0.011;
2012;7;21;0.253;0.253;
2012;7;22;0.0;0.0;
2012;7;23;0.0;0.0;
2012;7;24;0.0;0.0;
2012;7;25;0.0;0.0;
2012;7;26;0.0;0.0;
2012;7;27;0.0;0.0;
2012;7;28;0.0;0.0;
2012;7;29;0.0;0.0;
2012;7;30;0.0;0.0;
2012;7;31;0.0;0.0;
2012;8;1;0.0;0.0;
2012;8;2;0.0;0.0;
2012;8;3;0.0;0.0;
2012;8;4;0.0;0.0;
2012;8;5;0.0;0.0;
2012;8;6;0.0;0.0;
2012;8;7;0.0;0.0;
2012;8;8;0.0;0.0;
2012;8;9;0.0;0.0;
2012;8;10;0.0;0.0;
2012;8;11;0.0;0.0;
2012;8;12;0.0;0.0;
2012;8;13;0.0;0.0;
2012;8;14;2.656;2.656;
2012;8;15;3.371;3.371;
2012;8;16;5.533;5.533;
2012;8;17;6.559;6.559;
2012;8;18;5.073;5.073;
2012;8;19;4.194;4.194;
2012;8;20;4.738;4.738;
2012;8;21;1.35;1.35;
2012;8;22;0.0;0.0;
2012;8;23;0.0;0.0;
2012;8;24;0.0;0.0;
2012;8;25;0.0;0.0;
2012;8;26;0.0;0.0;
2012;8;27;0.0;0.0;
2012;8;28;0.0;0.0;
2012;8;29;0.0;0.0;
2012;8;30;0.0;0.0;
2012;8;31;0.0;0.0;
2012;9;1;0.0;0.0;
2012;9;2;0.0;0.0;
2012;9;3;0.0;0.0;
2012;9;4;0.0;0.0;
2012;9;5;0.0;0.0;
2012;9;6;0.0;0.0;
2012;9;7;0.0;0.0;
2012;9;8;0.0;0.0;
2012;9;9;0.0;0.0;
2012;9;10;0.0;0.0;
2012;9;11;0.0;0.0;
2012;9;12;0.0;0.0;
2012;9;13;0.0;0.0;
2012;9;14;0.0;0.0;
2012;9;15;0.0;0.0;
2012;9;16;0.0;0.0;
2012;9;17;0.0;0.0;
2012;9;18;0.0;0.0;
2012;9;19;0.0;0.0;
2012;9;20;0.0;0.0;
2012;9;21;0.0;0.0;
2012;9;22;0.0;0.0;
2012;9;23;0.0;0.0;
2012;9;24;0.0;0.0;
2012;9;25;0.161;0.161;
2012;9;26;0.0;0.0;
2012;9;27;0.0;0.0;
2012;9;28;0.0;0.0;
2012;9;29;0.0;0.0;
2012;9;30;0.0;0.0;
2012;10;1;0.0;0.0;
2012;10;2;0.0;0.0;
2012;10;3;0.0;0.0;
2012;10;4;0.0;0.0;
2012;10;5;0.0;0.0;
2012;10;6;0.0;0.0;
2012;10;7;0.0;0.0;
2012;10;8;0.0;0.0;
2012;10;9;0.004;0.004;
2012;10;10;0.009;0.009;
2012;10;11;1.398;1.398;
2012;10;12;0.0;0.0;
2012;10;13;0.0;0.0;
2012;10;14;0.002;0.002;
2012;10;15;0.0;0.0;
2012;10;16;0.0;0.0;
2012;10;17;0.0;0.0;
2012;10;18;0.0;0.0;
2012;10;19;0.0;0.0;
2012;10;20;0.0;0.0;
2012;10;21;0.0;0.0;
2012;10;22;0.0;0.0;
2012;10;23;0.177;0.177;
2012;10;24;0.177;0.177;
2012;10;25;0.001;0.001;
2012;10;26;0.874;0.874;
2012;10;27;0.0;0.0;
2012;10;28;0.0;0.0;
2012;10;29;0.0;0.0;
2012;10;30;0.0;0.0;
2012;10;31;0.0;0.0;
2012;11;1;;;
2012;11;2;;;
2012;11;3;;;
2012;11;4;;;
2012;11;5;;;
2012;11;6;;;
2012;11;7;;;
2012;11;8;;;
2012;11;9;;;
2012;11;10;;;
2012;11;11;;;
2012;11;12;;;
2012;11;13;;;
2012;11;14;;;
2012;11;15;;;
2012;11;16;;;
2012;11;17;;;
2012;11;18;;;
2012;11;19;;;
2012;11;20;;;
2012;11;21;;;
2012;11;22;;;
2012;11;23;;;
2012;11;24;;;
2012;11;25;;;
2012;11;26;;;
2012;11;27;;;
2012;11;28;;;
2012;11;29;;;
2012;11;30;;;
2012;12;1;;;
2012;12;2;;;
2012;12;3;;;
2012;12;4;;;
2012;12;5;;;
2012;12;6;;;
2012;12;7;;;
2012;12;8;;;
2012;12;9;;;
2012;12;10;;;
2012;12;11;;;
2012;12;12;;;
2012;12;13;;;
2012;12;14;;;
2012;12;15;;;
2012;12;16;;;
2012;12;17;;;
2012;12;18;;;
2012;12;19;;;
2012;12;20;;;
2012;12;21;;;
2012;12;22;;;
2012;12;23;;;
2012;12;24;;;
2012;12;25;;;
2012;12;26;;;
2012;12;27;;;
2012;12;28;;;
2012;12;29;;;
2012;12;30;;;
2012;12;31;;;
2013;1;1;;;
2013;1;2;;;
2013;1;3;;;
2013;1;4;;;
2013;1;5;;;
2013;1;6;;;
2013;1;7;;;
2013;1;8;;;
2013;1;9;;;
2013;1;10;;;
2013;1;11;;;
2013;1;12;;;
2013;1;13;;;
2013;1;14;;;
2013;1;15;;;
2013;1;16;;;
2013;1;17;;;
2013;1;18;;;
2013;1;19;;;
2013;1;20;;;
2013;1;21;;;
2013;1;22;;;
2013;1;23;;;
2013;1;24;;;
2013;1;25;;;
2013;1;26;;;
2013;1;27;;;
2013;1;28;;;
2013;1;29;;;
2013;1;30;;;
2013;1;31;;;
2013;2;1;48.252;48.252;
2013;2;2;56.676;56.676;
2013;2;3;56.564;56.564;
2013;2;4;57.211;57.211;
2013;2;5;53.532;53.532;
2013;2;6;58.256;58.256;
2013;2;7;41.204;41.204;
2013;2;8;44.0;44.0;
2013;2;9;34.111;34.111;
2013;2;10;18.796;18.796;
2013;2;11;15.729;15.729;
2013;2;12;16.274;16.274;
2013;2;13;15.983;15.983;
2013;2;14;15.97;15.97;
2013;2;15;16.501;16.501;
2013;2;16;15.829;15.829;
2013;2;17;17.166;17.166;
2013;2;18;17.185;17.185;
2013;2;19;17.146;17.146;
2013;2;20;17.343;17.343;
2013;2;21;11.49;11.49;
2013;2;22;14.722;14.722;
2013;2;23;6.89;6.89;
2013;2;24;10.789;10.789;
2013;2;25;10.089;10.089;
2013;2;26;9.375;9.375;
2013;2;27;4.608;4.608;
2013;2;28;4.882;4.882;
2013;3;1;4.883;4.883;
2013;3;2;4.438;4.438;
2013;3;3;4.342;4.342;
2013;3;4;0.444;0.444;
2013;3;5;0.576;0.576;
2013;3;6;0.0;0.0;
2013;3;7;0.0;0.0;
2013;3;8;0.0;0.0;
2013;3;9;0.0;0.0;
2013;3;10;0.0;0.0;
2013;3;11;0.0;0.0;
2013;3;12;1.371;1.371;
2013;3;13;1.563;1.563;
2013;3;14;1.561;1.561;
2013;3;15;10.008;10.008;
2013;3;16;2.839;2.839;
2013;3;17;5.887;5.887;
2013;3;18;10.533;10.533;
2013;3;19;11.448;11.448;
2013;3;20;11.312;11.312;
2013;3;21;4.927;4.927;
2013;3;22;2.713;2.713;
2013;3;23;0.015;0.015;
2013;3;24;0.0;0.0;
2013;3;25;0.0;0.0;
2013;3;26;0.0;0.0;
2013;3;27;3.072;3.072;
2013;3;28;4.237;4.237;
2013;3;29;4.535;4.535;
2013;3;30;0.001;0.001;
2013;3;31;0.004;0.004;
2013;4;1;0.004;0.004;
2013;4;2;1.629;1.629;
2013;4;3;0.003;0.003;
2013;4;4;0.0;0.0;
2013;4;5;0.005;0.005;
2013;4;6;2.885;2.885;
2013;4;7;2.832;2.832;
2013;4;8;9.965;9.965;
2013;4;9;12.433;12.433;
2013;4;10;12.02;12.02;
2013;4;11;29.29;29.29;
2013;4;12;7.14;7.14;
2013;4;13;0.0;0.0;
2013;4;14;0.0;0.0;
2013;4;15;0.0;0.0;
2013;4;16;5.121;5.121;
2013;4;17;0.024;0.024;
2013;4;18;0.0;0.0;
2013;4;19;0.012;0.012;
2013;4;20;0.0;0.0;
2013;4;21;0.0;0.0;
2013;4;22;0.0;0.0;
2013;4;23;0.0;0.0;
2013;4;24;0.0;0.0;
2013;4;25;0.0;0.0;
2013;4;26;0.0;0.0;
2013;4;27;0.0;0.0;
2013;4;28;0.0;0.0;
2013;4;29;0.0;0.0;
2013;4;30;0.0;0.0;
2013;5;1;0.0;0.0;
2013;5;2;0.0;0.0;
2013;5;3;0.0;0.0;
2013;5;4;0.0;0.0;
2013;5;5;0.0;0.0;
2013;5;6;0.0;0.0;
2013;5;7;0.006;0.006;
2013;5;8;0.952;0.952;
2013;5;9;0.0;0.0;
2013;5;10;0.0;0.0;
2013;5;11;0.0;0.0;
2013;5;12;0.002;0.002;
2013;5;13;0.005;0.005;
2013;5;14;0.0;0.0;
2013;5;15;0.0;0.0;
2013;5;16;0.0;0.0;
2013;5;17;0.0;0.0;
2013;5;18;0.0;0.0;
2013;5;19;0.0;0.0;
2013;5;20;0.0;0.0;
2013;5;21;0.0;0.0;
2013;5;22;0.0;0.0;
2013;5;23;0.0;0.0;
2013;5;24;0.0;0.0;
2013;5;25;0.0;0.0;
2013;5;26;0.0;0.0;
2013;5;27;0.0;0.0;
2013;5;28;0.345;0.345;
2013;5;29;0.34;0.34;
2013;5;30;0.349;0.349;
2013;5;31;0.348;0.348;
2013;6;1;0.0;0.0;
2013;6;2;0.0;0.0;
2013;6;3;0.0;0.0;
2013;6;4;0.0;0.0;
2013;6;5;0.0;0.0;
2013;6;6;0.0;0.0;
2013;6;7;0.0;0.0;
2013;6;8;0.0;0.0;
2013;6;9;0.0;0.0;
2013;6;10;0.0;0.0;
2013;6;11;0.0;0.0;
2013;6;12;0.151;0.151;
2013;6;13;0.238;0.238;
2013;6;14;0.111;0.111;
2013;6;15;0.104;0.104;
2013;6;16;0.1;0.1;
2013;6;17;0.21;0.21;
2013;6;18;2.154;2.154;
2013;6;19;0.0;0.0;
2013;6;20;0.0;0.0;
2013;6;21;0.0;0.0;
2013;6;22;0.0;0.0;
2013;6;23;0.0;0.0;
2013;6;24;0.0;0.0;
2013;6;25;0.0;0.0;
2013;6;26;0.0;0.0;
2013;6;27;0.0;0.0;
2013;6;28;0.0;0.0;
2013;6;29;0.0;0.0;
2013;6;30;0.0;0.0;
2013;7;1;0.0;0.0;
2013;7;2;0.0;0.0;
2013;7;3;0.0;0.0;
2013;7;4;0.0;0.0;
2013;7;5;1.048;1.048;
2013;7;6;0.0;0.0;
2013;7;7;0.0;0.0;
2013;7;8;0.0;0.0;
2013;7;9;0.0;0.0;
2013;7;10;0.0;0.0;
2013;7;11;0.0;0.0;
2013;7;12;0.0;0.0;
2013;7;13;0.0;0.0;
2013;7;14;0.0;0.0;
2013;7;15;0.017;0.017;
2013;7;16;0.005;0.005;
2013;7;17;0.008;0.008;
2013;7;18;0.023;0.023;
2013;7;19;0.009;0.009;
2013;7;20;0.045;0.045;
2013;7;21;0.0;0.0;
2013;7;22;0.0;0.0;
2013;7;23;0.0;0.0;
2013;7;24;0.0;0.0;
2013;7;25;0.0;0.0;
2013;7;26;0.0;0.0;
2013;7;27;0.0;0.0;
2013;7;28;0.0;0.0;
2013;7;29;0.0;0.0;
2013;7;30;0.0;0.0;
2013;7;31;0.0;0.0;
2013;8;1;0.0;0.0;
2013;8;2;0.0;0.0;
2013;8;3;0.0;0.0;
2013;8;4;0.0;0.0;
2013;8;5;0.0;0.0;
2013;8;6;0.0;0.0;
2013;8;7;0.0;0.0;
2013;8;8;0.0;0.0;
2013;8;9;0.0;0.0;
2013;8;10;0.007;0.007;
2013;8;11;0.001;0.001;
2013;8;12;0.001;0.001;
2013;8;13;0.0;0.0;
2013;8;14;0.0;0.0;
2013;8;15;0.0;0.0;
2013;8;16;0.0;0.0;
2013;8;17;0.0;0.0;
2013;8;18;0.0;0.0;
2013;8;19;0.0;0.0;
2013;8;20;0.0;0.0;
2013;8;21;0.0;0.0;
2013;8;22;0.0;0.0;
2013;8;23;0.0;0.0;
2013;8;24;0.0;0.0;
2013;8;25;0.0;0.0;
2013;8;26;0.0;0.0;
2013;8;27;0.0;0.0;
2013;8;28;0.0;0.0;
2013;8;29;0.0;0.0;
2013;8;30;0.0;0.0;
2013;8;31;0.0;0.0;
2013;9;1;0.0;0.0;
2013;9;2;0.0;0.0;
2013;9;3;0.0;0.0;
2013;9;4;0.0;0.0;
2013;9;5;0.0;0.0;
2013;9;6;0.0;0.0;
2013;9;7;0.0;0.0;
2013;9;8;0.003;0.003;
2013;9;9;0.004;0.004;
2013;9;10;0.0;0.0;
2013;9;11;0.001;0.001;
2013;9;12;0.0;0.0;
2013;9;13;0.0;0.0;
2013;9;14;0.0;0.0;
2013;9;15;0.0;0.0;
2013;9;16;0.0;0.0;
2013;9;17;0.0;0.0;
2013;9;18;0.0;0.0;
2013;9;19;0.0;0.0;
2013;9;20;0.0;0.0;
2013;9;21;0.0;0.0;
2013;9;22;0.0;0.0;
2013;9;23;0.0;0.0;
2013;9;24;0.001;0.001;
2013;9;25;0.002;0.002;
2013;9;26;0.002;0.002;
2013;9;27;5.93;5.93;
2013;9;28;5.346;5.346;
2013;9;29;0.002;0.002;
2013;9;30;0.001;0.001;
2013;10;1;0.001;0.001;
2013;10;2;0.016;0.016;
2013;10;3;0.0;0.0;
2013;10;4;0.0;0.0;
2013;10;5;16.499;16.499;
2013;10;6;16.655;16.655;
2013;10;7;16.487;16.487;
2013;10;8;16.432;16.432;
2013;10;9;20.519;20.519;
2013;10;10;20.742;20.742;
2013;10;11;30.521;30.521;
2013;10;12;30.213;30.213;
2013;10;13;27.03;27.03;
2013;10;14;27.127;27.127;
2013;10;15;17.154;17.154;
2013;10;16;17.021;17.021;
2013;10;17;16.805;16.805;
2013;10;18;16.867;16.867;
2013;10;19;12.938;12.938;
2013;10;20;5.423;5.423;
2013;10;21;1.329;1.329;
2013;10;22;1.314;1.314;
2013;10;23;1.372;1.372;
2013;10;24;2.147;2.147;
2013;10;25;1.129;1.129;
2013;10;26;0.969;0.969;
2013;10;27;2.447;2.447;
2013;10;28;0.874;0.874;
2013;10;29;0.191;0.191;
2013;10;30;0.0;0.0;
2013;10;31;3.112;3.112;
2013;11;1;;;
2013;11;2;;;
2013;11;3;;;
2013;11;4;;;
2013;11;5;;;
2013;11;6;;;
2013;11;7;;;
2013;11;8;;;
2013;11;9;;;
2013;11;10;;;
2013;11;11;;;
2013;11;12;;;
2013;11;13;;;
2013;11;14;;;
2013;11;15;;;
2013;11;16;;;
2013;11;17;;;
2013;11;18;;;
2013;11;19;;;
2013;11;20;;;
2013;11;21;;;
2013;11;22;;;
2013;11;23;;;
2013;11;24;;;
2013;11;25;;;
2013;11;26;;;
2013;11;27;;;
2013;11;28;;;
2013;11;29;;;
2013;11;30;;;
2013;12;1;;;
2013;12;2;;;
2013;12;3;;;
2013;12;4;;;
2013;12;5;;;
2013;12;6;;;
2013;12;7;;;
2013;12;8;;;
2013;12;9;;;
2013;12;10;;;
2013;12;11;;;
2013;12;12;;;
2013;12;13;;;
2013;12;14;;;
2013;12;15;;;
2013;12;16;;;
2013;12;17;;;
2013;12;18;;;
2013;12;19;;;
2013;12;20;;;
2013;12;21;;;
2013;12;22;;;
2013;12;23;;;
2013;12;24;;;
2013;12;25;;;
2013;12;26;;;
2013;12;27;;;
2013;12;28;;;
2013;12;29;;;
2013;12;30;;;
2013;12;31;;;
2014;1;1;;;
2014;1;2;;;
2014;1;3;;;
2014;1;4;;;
2014;1;5;;;
2014;1;6;;;
2014;1;7;;;
2014;1;8;;;
2014;1;9;;;
2014;1;10;;;
2014;1;11;;;
2014;1;12;;;
2014;1;13;;;
2014;1;14;;;
2014;1;15;;;
2014;1;16;;;
2014;1;17;;;
2014;1;18;;;
2014;1;19;;;
2014;1;20;;;
2014;1;21;;;
2014;1;22;;;
2014;1;23;;;
2014;1;24;;;
2014;1;25;;;
2014;1;26;;;
2014;1;27;;;
2014;1;28;;;
2014;1;29;;;
2014;1;30;;;
2014;1;31;;;
2014;2;1;29.37;29.37;
2014;2;2;29.73;29.73;
2014;2;3;27.433;27.433;
2014;2;4;2.728;2.728;
2014;2;5;2.108;2.108;
2014;2;6;0.495;0.495;
2014;2;7;0.381;0.381;
2014;2;8;0.478;0.478;
2014;2;9;1.315;1.315;
2014;2;10;3.614;3.614;
2014;2;11;3.145;3.145;
2014;2;12;1.615;1.615;
2014;2;13;3.891;3.891;
2014;2;14;7.645;7.645;
2014;2;15;8.356;8.356;
2014;2;16;12.409;12.409;
2014;2;17;21.565;21.565;
2014;2;18;42.556;42.556;
2014;2;19;60.598;60.598;
2014;2;20;65.992;65.992;
2014;2;21;63.387;63.387;
2014;2;22;65.161;65.161;
2014;2;23;64.056;64.056;
2014;2;24;65.685;65.685;
2014;2;25;64.016;64.016;
2014;2;26;63.645;63.645;
2014;2;27;65.817;65.817;
2014;2;28;60.282;60.282;
2014;3;1;59.689;59.689;
2014;3;2;56.335;56.335;
2014;3;3;56.607;56.607;
2014;3;4;58.161;58.161;
2014;3;5;57.748;57.748;
2014;3;6;58.956;58.956;
2014;3;7;66.629;66.629;
2014;3;8;33.099;33.099;
2014;3;9;33.607;33.607;
2014;3;10;32.93;32.93;
2014;3;11;54.122;54.122;
2014;3;12;50.863;50.863;
2014;3;13;41.385;41.385;
2014;3;14;46.011;46.011;
2014;3;15;51.498;51.498;
2014;3;16;61.161;61.161;
2014;3;17;61.459;61.459;
2014;3;18;62.07;62.07;
2014;3;19;68.077;68.077;
2014;3;20;68.505;68.505;
2014;3;21;68.911;68.911;
2014;3;22;65.062;65.062;
2014;3;23;58.289;58.289;
2014;3;24;58.533;58.533;
2014;3;25;11.625;11.625;
2014;3;26;2.688;2.688;
2014;3;27;0.894;0.894;
2014;3;28;0.742;0.742;
2014;3;29;0.782;0.782;
2014;3;30;1.167;1.167;
2014;3;31;0.002;0.002;
2014;4;1;0.002;0.002;
2014;4;2;0.354;0.354;
2014;4;3;2.464;2.464;
2014;4;4;2.337;2.337;
2014;4;5;0.035;0.035;
2014;4;6;0.018;0.018;
2014;4;7;0.0;0.0;
2014;4;8;0.058;0.058;
2014;4;9;0.029;0.029;
2014;4;10;0.0;0.0;
2014;4;11;0.023;0.023;
2014;4;12;0.0;0.0;
2014;4;13;0.0;0.0;
2014;4;14;0.0;0.0;
2014;4;15;0.0;0.0;
2014;4;16;0.014;0.014;
2014;4;17;0.002;0.002;
2014;4;18;0.751;0.751;
2014;4;19;0.0;0.0;
2014;4;20;1.328;1.328;
2014;4;21;0.004;0.004;
2014;4;22;0.001;0.001;
2014;4;23;0.024;0.024;
2014;4;24;0.003;0.003;
2014;4;25;0.912;0.912;
2014;4;26;0.0;0.0;
2014;4;27;0.0;0.0;
2014;4;28;0.0;0.0;
2014;4;29;0.0;0.0;
2014;4;30;0.0;0.0;
2014;5;1;0.0;0.0;
2014;5;2;0.0;0.0;
2014;5;3;0.0;0.0;
2014;5;4;0.0;0.0;
2014;5;5;0.0;0.0;
2014;5;6;0.0;0.0;
2014;5;7;0.003;0.003;
2014;5;8;0.006;0.006;
2014;5;9;0.226;0.226;
2014;5;10;0.228;0.228;
2014;5;11;0.0;0.0;
2014;5;12;0.0;0.0;
2014;5;13;0.0;0.0;
2014;5;14;0.226;0.226;
2014;5;15;0.0;0.0;
2014;5;16;0.0;0.0;
2014;5;17;0.0;0.0;
2014;5;18;0.0;0.0;
2014;5;19;0.0;0.0;
2014;5;20;0.0;0.0;
2014;5;21;0.0;0.0;
2014;5;22;0.0;0.0;
2014;5;23;0.0;0.0;
2014;5;24;0.062;0.062;
2014;5;25;0.01;0.01;
2014;5;26;0.004;0.004;
2014;5;27;1.736;1.736;
2014;5;28;0.64;0.64;
2014;5;29;0.877;0.877;
2014;5;30;17.962;17.962;
2014;5;31;19.497;19.497;
2014;6;1;0.0;0.0;
2014;6;2;0.0;0.0;
2014;6;3;0.0;0.0;
2014;6;4;0.0;0.0;
2014;6;5;0.0;0.0;
2014;6;6;0.0;0.0;
2014;6;7;0.0;0.0;
2014;6;8;0.0;0.0;
2014;6;9;0.0;0.0;
2014;6;10;0.0;0.0;
2014;6;11;0.0;0.0;
2014;6;12;0.023;0.023;
2014;6;13;0.034;0.034;
2014;6;14;1.163;1.163;
2014;6;15;1.619;1.619;
2014;6;16;0.961;0.961;
2014;6;17;0.07;0.07;
2014;6;18;0.024;0.024;
2014;6;19;0.131;0.131;
2014;6;20;0.018;0.018;
2014;6;21;0.025;0.025;
2014;6;22;0.071;0.071;
2014;6;23;0.0;0.0;
2014;6;24;0.0;0.0;
2014;6;25;0.0;0.0;
2014;6;26;0.0;0.0;
2014;6;27;0.0;0.0;
2014;6;28;0.542;0.542;
2014;6;29;0.438;0.438;
2014;6;30;0.456;0.456;
2014;7;1;0.407;0.407;
2014;7;2;0.387;0.387;
2014;7;3;0.0;0.0;
2014;7;4;0.004;0.004;
2014;7;5;0.009;0.009;
2014;7;6;0.0;0.0;
2014;7;7;0.0;0.0;
2014;7;8;0.0;0.0;
2014;7;9;0.0;0.0;
2014;7;10;0.0;0.0;
2014;7;11;0.0;0.0;
2014;7;12;0.0;0.0;
2014;7;13;0.49;0.49;
2014;7;14;1.472;1.472;
2014;7;15;2.453;2.453;
2014;7;16;1.547;1.547;
2014;7;17;0.052;0.052;
2014;7;18;0.024;0.024;
2014;7;19;0.034;0.034;
2014;7;20;0.003;0.003;
2014;7;21;0.0;0.0;
2014;7;22;0.0;0.0;
2014;7;23;0.0;0.0;
2014;7;24;0.0;0.0;
2014;7;25;0.0;0.0;
2014;7;26;0.0;0.0;
2014;7;27;0.0;0.0;
2014;7;28;0.0;0.0;
2014;7;29;0.0;0.0;
2014;7;30;0.0;0.0;
2014;7;31;0.0;0.0;
2014;8;1;0.0;0.0;
2014;8;2;0.0;0.0;
2014;8;3;0.0;0.0;
2014;8;4;0.001;0.001;
2014;8;5;0.175;0.175;
2014;8;6;0.0;0.0;
2014;8;7;0.0;0.0;
2014;8;8;0.0;0.0;
2014;8;9;0.0;0.0;
2014;8;10;0.0;0.0;
2014;8;11;0.0;0.0;
2014;8;12;0.0;0.0;
2014;8;13;0.0;0.0;
2014;8;14;0.0;0.0;
2014;8;15;0.0;0.0;
2014;8;16;0.0;0.0;
2014;8;17;0.0;0.0;
2014;8;18;0.0;0.0;
2014;8;19;0.0;0.0;
2014;8;20;0.0;0.0;
2014;8;21;0.0;0.0;
2014;8;22;0.0;0.0;
2014;8;23;0.0;0.0;
2014;8;24;0.0;0.0;
2014;8;25;0.0;0.0;
2014;8;26;0.0;0.0;
2014;8;27;0.0;0.0;
2014;8;28;0.001;0.001;
2014;8;29;5.236;5.236;
2014;8;30;5.254;5.254;
2014;8;31;0.0;0.0;
2014;9;1;0.004;0.004;
2014;9;2;7.169;7.169;
2014;9;3;0.001;0.001;
2014;9;4;0.0;0.0;
2014;9;5;0.0;0.0;
2014;9;6;0.0;0.0;
2014;9;7;0.0;0.0;
2014;9;8;0.0;0.0;
2014;9;9;0.21;0.21;
2014;9;10;0.0;0.0;
2014;9;11;0.0;0.0;
2014;9;12;0.0;0.0;
2014;9;13;0.0;0.0;
2014;9;14;0.0;0.0;
2014;9;15;0.0;0.0;
2014;9;16;0.0;0.0;
2014;9;17;0.0;0.0;
2014;9;18;0.0;0.0;
2014;9;19;0.0;0.0;
2014;9;20;0.0;0.0;
2014;9;21;0.0;0.0;
2014;9;22;0.0;0.0;
2014;9;23;0.0;0.0;
2014;9;24;0.0;0.0;
2014;9;25;0.0;0.0;
2014;9;26;0.019;0.019;
2014;9;27;0.106;0.106;
2014;9;28;0.0;0.0;
2014;9;29;0.477;0.477;
2014;9;30;0.505;0.505;
2014;10;1;2.493;2.493;
2014;10;2;0.933;0.933;
2014;10;3;0.0;0.0;
2014;10;4;0.0;0.0;
2014;10;5;0.0;0.0;
2014;10;6;0.0;0.0;
2014;10;7;0.0;0.0;
2014;10;8;0.0;0.0;
2014;10;9;0.0;0.0;
2014;10;10;0.0;0.0;
2014;10;11;0.0;0.0;
2014;10;12;0.0;0.0;
2014;10;13;0.0;0.0;
2014;10;14;0.0;0.0;
2014;10;15;0.59;0.59;
2014;10;16;0.457;0.457;
2014;10;17;0.341;0.341;
2014;10;18;0.384;0.384;
2014;10;19;14.578;14.578;
2014;10;20;15.76;15.76;
2014;10;21;8.517;8.517;
2014;10;22;1.318;1.318;
2014;10;23;1.397;1.397;
2014;10;24;9.686;9.686;
2014;10;25;1.324;1.324;
2014;10;26;;;
2014;10;27;3.919;3.919;
2014;10;28;18.818;18.818;
2014;10;29;17.569;17.569;
2014;10;30;4.363;4.363;
2014;10;31;4.512;4.512;
2014;11;1;;;
2014;11;2;;;
2014;11;3;;;
2014;11;4;;;
2014;11;5;;;
2014;11;6;;;
2014;11;7;;;
2014;11;8;;;
2014;11;9;;;
2014;11;10;;;
2014;11;11;;;
2014;11;12;;;
2014;11;13;;;
2014;11;14;;;
2014;11;15;;;
2014;11;16;;;
2014;11;17;;;
2014;11;18;;;
2014;11;19;;;
2014;11;20;;;
2014;11;21;;;
2014;11;22;;;
2014;11;23;;;
2014;11;24;;;
2014;11;25;;;
2014;11;26;;;
2014;11;27;;;
2014;11;28;;;
2014;11;29;;;
2014;11;30;;;
2014;12;1;;;
2014;12;2;;;
2014;12;3;;;
2014;12;4;;;
2014;12;5;;;
2014;12;6;;;
2014;12;7;;;
2014;12;8;;;
2014;12;9;;;
2014;12;10;;;
2014;12;11;;;
2014;12;12;;;
2014;12;13;;;
2014;12;14;;;
2014;12;15;;;
2014;12;16;;;
2014;12;17;;;
2014;12;18;;;
2014;12;19;;;
2014;12;20;;;
2014;12;21;;;
2014;12;22;;;
2014;12;23;;;
2014;12;24;;;
2014;12;25;;;
2014;12;26;;;
2014;12;27;;;
2014;12;28;;;
2014;12;29;;;
2014;12;30;;;
2014;12;31;;;
2015;1;1;;;
2015;1;2;;;
2015;1;3;;;
2015;1;4;;;
2015;1;5;;;
2015;1;6;;;
2015;1;7;;;
2015;1;8;;;
2015;1;9;;;
2015;1;10;;;
2015;1;11;;;
2015;1;12;;;
2015;1;13;;;
2015;1;14;;;
2015;1;15;;;
2015;1;16;;;
2015;1;17;;;
2015;1;18;;;
2015;1;19;;;
2015;1;20;;;
2015;1;21;;;
2015;1;22;;;
2015;1;23;;;
2015;1;24;;;
2015;1;25;;;
2015;1;26;;;
2015;1;27;;;
2015;1;28;;;
2015;1;29;;;
2015;1;30;;;
2015;1;31;;;
2015;2;1;69.011;69.011;
2015;2;2;68.331;68.331;
2015;2;3;68.379;68.379;
2015;2;4;69.5;69.5;
2015;2;5;68.596;68.596;
2015;2;6;65.065;65.065;
2015;2;7;64.046;64.046;
2015;2;8;61.167;61.167;
2015;2;9;63.799;63.799;
2015;2;10;62.687;62.687;
2015;2;11;61.96;61.96;
2015;2;12;60.91;60.91;
2015;2;13;56.771;56.771;
2015;2;14;55.065;55.065;
2015;2;15;49.814;49.814;
2015;2;16;53.494;53.494;
2015;2;17;47.437;47.437;
2015;2;18;46.742;46.742;
2015;2;19;47.39;47.39;
2015;2;20;48.217;48.217;
2015;2;21;49.374;49.374;
2015;2;22;48.124;48.124;
2015;2;23;57.12;57.12;
2015;2;24;72.702;72.702;
2015;2;25;61.6;61.6;
2015;2;26;61.406;61.406;
2015;2;27;65.788;65.788;
2015;2;28;62.597;62.597;
2015;3;1;60.138;60.138;
2015;3;2;60.403;60.403;
2015;3;3;59.916;59.916;
2015;3;4;60.011;60.011;
2015;3;5;59.279;59.279;
2015;3;6;60.029;60.029;
2015;3;7;60.13;60.13;
2015;3;8;62.487;62.487;
2015;3;9;64.058;64.058;
2015;3;10;63.893;63.893;
2015;3;11;77.113;77.113;
2015;3;12;76.23;76.23;
2015;3;13;77.136;77.136;
2015;3;14;77.113;77.113;
2015;3;15;77.223;77.223;
2015;3;16;69.131;69.131;
2015;3;17;33.842;33.842;
2015;3;18;27.522;27.522;
2015;3;19;23.447;23.447;
2015;3;20;24.091;24.091;
2015;3;21;16.637;16.637;
2015;3;22;22.403;22.403;
2015;3;23;22.902;22.902;
2015;3;24;25.182;25.182;
2015;3;25;35.609;35.609;
2015;3;26;44.024;44.024;
2015;3;27;62.094;62.094;
2015;3;28;65.479;65.479;
2015;3;29;65.895;65.895;
2015;3;30;66.806;66.806;
2015;3;31;66.5;66.5;
2015;4;1;65.194;65.194;
2015;4;2;65.865;65.865;
2015;4;3;64.887;64.887;
2015;4;4;64.887;64.887;
2015;4;5;61.689;61.689;
2015;4;6;43.002;43.002;
2015;4;7;7.048;7.048;
2015;4;8;6.147;6.147;
2015;4;9;6.224;6.224;
2015;4;10;1.753;1.753;
2015;4;11;6.121;6.121;
2015;4;12;0.006;0.006;
2015;4;13;0.0;0.0;
2015;4;14;0.0;0.0;
2015;4;15;0.0;0.0;
2015;4;16;0.0;0.0;
2015;4;17;0.0;0.0;
2015;4;18;0.0;0.0;
2015;4;19;0.0;0.0;
2015;4;20;0.0;0.0;
2015;4;21;0.0;0.0;
2015;4;22;0.0;0.0;
2015;4;23;0.0;0.0;
2015;4;24;0.0;0.0;
2015;4;25;0.0;0.0;
2015;4;26;0.0;0.0;
2015;4;27;0.0;0.0;
2015;4;28;0.0;0.0;
2015;4;29;0.006;0.006;
2015;4;30;0.0;0.0;
2015;5;1;0.0;0.0;
2015;5;2;0.0;0.0;
2015;5;3;0.0;0.0;
2015;5;4;0.0;0.0;
2015;5;5;0.0;0.0;
2015;5;6;0.0;0.0;
2015;5;7;0.0;0.0;
2015;5;8;0.0;0.0;
2015;5;9;0.0;0.0;
2015;5;10;0.0;0.0;
2015;5;11;0.0;0.0;
2015;5;12;0.0;0.0;
2015;5;13;3.002;3.002;
2015;5;14;8.203;8.203;
2015;5;15;7.554;7.554;
2015;5;16;7.292;7.292;
2015;5;17;5.687;5.687;
2015;5;18;12.005;12.005;
2015;5;19;1.66;1.66;
2015;5;20;1.542;1.542;
2015;5;21;1.182;1.182;
2015;5;22;0.009;0.009;
2015;5;23;0.013;0.013;
2015;5;24;0.0;0.0;
2015;5;25;0.0;0.0;
2015;5;26;0.0;0.0;
2015;5;27;0.0;0.0;
2015;5;28;0.0;0.0;
2015;5;29;0.0;0.0;
2015;5;30;0.0;0.0;
2015;5;31;0.0;0.0;
2015;6;1;0.0;0.0;
2015;6;2;0.0;0.0;
2015;6;3;0.0;0.0;
2015;6;4;0.0;0.0;
2015;6;5;0.0;0.0;
2015;6;6;0.0;0.0;
2015;6;7;0.0;0.0;
2015;6;8;0.0;0.0;
2015;6;9;0.0;0.0;
2015;6;10;0.0;0.0;
2015;6;11;0.0;0.0;
2015;6;12;0.0;0.0;
2015;6;13;0.0;0.0;
2015;6;14;0.0;0.0;
2015;6;15;0.0;0.0;
2015;6;16;0.0;0.0;
2015;6;17;0.0;0.0;
2015;6;18;0.0;0.0;
2015;6;19;0.0;0.0;
2015;6;20;0.006;0.006;
2015;6;21;0.003;0.003;
2015;6;22;0.003;0.003;
2015;6;23;0.005;0.005;
2015;6;24;0.004;0.004;
2015;6;25;0.15;0.15;
2015;6;26;0.183;0.183;
2015;6;27;0.458;0.458;
2015;6;28;0.371;0.371;
2015;6;29;0.529;0.529;
2015;6;30;0.187;0.187;
2015;7;1;1.177;1.177;
2015;7;2;0.047;0.047;
2015;7;3;0.4;0.4;
2015;7;4;1.013;1.013;
2015;7;5;0.649;0.649;
2015;7;6;1.041;1.041;
2015;7;7;0.722;0.722;
2015;7;8;0.042;0.042;
2015;7;9;0.063;0.063;
2015;7;10;0.001;0.001;
2015;7;11;0.001;0.001;
2015;7;12;0.0;0.0;
2015;7;13;0.0;0.0;
2015;7;14;0.0;0.0;
2015;7;15;0.0;0.0;
2015;7;16;0.0;0.0;
2015;7;17;0.0;0.0;
2015;7;18;0.0;0.0;
2015;7;19;0.0;0.0;
2015;7;20;0.0;0.0;
2015;7;21;0.0;0.0;
2015;7;22;0.0;0.0;
2015;7;23;0.295;0.295;
2015;7;24;0.011;0.011;
2015;7;25;0.078;0.078;
2015;7;26;0.064;0.064;
2015;7;27;0.058;0.058;
2015;7;28;0.087;0.087;
2015;7;29;0.0;0.0;
2015;7;30;0.001;0.001;
2015;7;31;0.01;0.01;
2015;8;1;0.0;0.0;
2015;8;2;0.0;0.0;
2015;8;3;0.0;0.0;
2015;8;4;0.0;0.0;
2015;8;5;0.0;0.0;
2015;8;6;0.0;0.0;
2015;8;7;0.0;0.0;
2015;8;8;0.0;0.0;
2015;8;9;0.0;0.0;
2015;8;10;0.0;0.0;
2015;8;11;0.0;0.0;
2015;8;12;0.0;0.0;
2015;8;13;0.0;0.0;
2015;8;14;0.0;0.0;
2015;8;15;0.0;0.0;
2015;8;16;0.0;0.0;
2015;8;17;6.631;6.631;
2015;8;18;5.552;5.552;
2015;8;19;0.021;0.021;
2015;8;20;0.056;0.056;
2015;8;21;0.005;0.005;
2015;8;22;0.0;0.0;
2015;8;23;0.005;0.005;
2015;8;24;0.0;0.0;
2015;8;25;0.0;0.0;
2015;8;26;0.0;0.0;
2015;8;27;0.0;0.0;
2015;8;28;0.0;0.0;
2015;8;29;0.0;0.0;
2015;8;30;0.0;0.0;
2015;8;31;0.0;0.0;
2015;9;1;0.0;0.0;
2015;9;2;0.0;0.0;
2015;9;3;0.0;0.0;
2015;9;4;0.0;0.0;
2015;9;5;0.0;0.0;
2015;9;6;0.0;0.0;
2015;9;7;0.0;0.0;
2015;9;8;0.009;0.009;
2015;9;9;0.001;0.001;
2015;9;10;0.0;0.0;
2015;9;11;0.0;0.0;
2015;9;12;0.0;0.0;
2015;9;13;0.0;0.0;
2015;9;14;0.0;0.0;
2015;9;15;0.0;0.0;
2015;9;16;0.0;0.0;
2015;9;17;0.0;0.0;
2015;9;18;0.0;0.0;
2015;9;19;0.0;0.0;
2015;9;20;0.0;0.0;
2015;9;21;0.0;0.0;
2015;9;22;0.0;0.0;
2015;9;23;0.0;0.0;
2015;9;24;0.0;0.0;
2015;9;25;0.0;0.0;
2015;9;26;0.0;0.0;
2015;9;27;0.194;0.194;
2015;9;28;1.059;1.059;
2015;9;29;0.996;0.996;
2015;9;30;9.316;9.316;
2015;10;1;9.908;9.908;
2015;10;2;17.296;17.296;
2015;10;3;15.919;15.919;
2015;10;4;12.661;12.661;
2015;10;5;14.588;14.588;
2015;10;6;14.897;14.897;
2015;10;7;19.46;19.46;
2015;10;8;15.952;15.952;
2015;10;9;16.226;16.226;
2015;10;10;17.873;17.873;
2015;10;11;18.079;18.079;
2015;10;12;20.641;20.641;
2015;10;13;11.099;11.099;
2015;10;14;14.564;14.564;
2015;10;15;15.86;15.86;
2015;10;16;17.747;17.747;
2015;10;17;18.388;18.388;
2015;10;18;18.003;18.003;
2015;10;19;22.017;22.017;
2015;10;20;21.988;21.988;
2015;10;21;21.038;21.038;
2015;10;22;20.869;20.869;
2015;10;23;20.215;20.215;
2015;10;24;22.245;22.245;
2015;10;25;21.383;21.383;
2015;10;26;17.996;17.996;
2015;10;27;18.629;18.629;
2015;10;28;21.334;21.334;
2015;10;29;22.038;22.038;
2015;10;30;22.137;22.137;
2015;10;31;14.734;14.734;
2015;11;1;;;
2015;11;2;;;
2015;11;3;;;
2015;11;4;;;
2015;11;5;;;
2015;11;6;;;
2015;11;7;;;
2015;11;8;;;
2015;11;9;;;
2015;11;10;;;
2015;11;11;;;
2015;11;12;;;
2015;11;13;;;
2015;11;14;;;
2015;11;15;;;
2015;11;16;;;
2015;11;17;;;
2015;11;18;;;
2015;11;19;;;
2015;11;20;;;
2015;11;21;;;
2015;11;22;;;
2015;11;23;;;
2015;11;24;;;
2015;11;25;;;
2015;11;26;;;
2015;11;27;;;
2015;11;28;;;
2015;11;29;;;
2015;11;30;;;
2015;12;1;;;
2015;12;2;;;
2015;12;3;;;
2015;12;4;;;
2015;12;5;;;
2015;12;6;;;
2015;12;7;;;
2015;12;8;;;
2015;12;9;;;
2015;12;10;;;
2015;12;11;;;
2015;12;12;;;
2015;12;13;;;
2015;12;14;;;
2015;12;15;;;
2015;12;16;;;
2015;12;17;;;
2015;12;18;;;
2015;12;19;;;
2015;12;20;;;
2015;12;21;;;
2015;12;22;;;
2015;12;23;;;
2015;12;24;;;
2015;12;25;;;
2015;12;26;;;
2015;12;27;;;
2015;12;28;;;
2015;12;29;;;
2015;12;30;;;
2015;12;31;;;
2016;1;1;;;
2016;1;2;;;
2016;1;3;;;
2016;1;4;;;
2016;1;5;;;
2016;1;6;;;
2016;1;7;;;
2016;1;8;;;
2016;1;9;;;
2016;1;10;;;
2016;1;11;;;
2016;1;12;;;
2016;1;13;;;
2016;1;14;;;
2016;1;15;;;
2016;1;16;;;
2016;1;17;;;
2016;1;18;;;
2016;1;19;;;
2016;1;20;;;
2016;1;21;;;
2016;1;22;;;
2016;1;23;;;
2016;1;24;;;
2016;1;25;;;
2016;1;26;;;
2016;1;27;;;
2016;1;28;;;
2016;1;29;;;
2016;1;30;;;
2016;1;31;;;
2016;2;1;82.513;82.513;
2016;2;2;83.548;83.548;
2016;2;3;81.942;81.942;
2016;2;4;82.952;82.952;
2016;2;5;81.967;81.967;
2016;2;6;82.492;82.492;
2016;2;7;81.886;81.886;
2016;2;8;82.363;82.363;
2016;2;9;79.153;79.153;
2016;2;10;79.027;79.027;
2016;2;11;79.184;79.184;
2016;2;12;77.268;77.268;
2016;2;13;76.911;76.911;
2016;2;14;75.21;75.21;
2016;2;15;72.691;72.691;
2016;2;16;71.265;71.265;
2016;2;17;71.807;71.807;
2016;2;18;71.846;71.846;
2016;2;19;;;
2016;2;20;;;
2016;2;21;;;
2016;2;22;;;
2016;2;23;;;
2016;2;24;;;
2016;2;25;;;
2016;2;26;;;
2016;2;27;;;
2016;2;28;;;
2016;2;29;81.806;81.806;
2016;3;1;73.162;73.162;
2016;3;2;71.274;71.274;
2016;3;3;71.664;71.664;
2016;3;4;77.524;77.524;
2016;3;5;79.152;79.152;
2016;3;6;72.653;72.653;
2016;3;7;72.611;72.611;
2016;3;8;78.904;78.904;
2016;3;9;79.129;79.129;
2016;3;10;79.129;79.129;
2016;3;11;79.129;79.129;
2016;3;12;76.532;76.532;
2016;3;13;76.892;76.892;
2016;3;14;56.547;56.547;
2016;3;15;51.36;51.36;
2016;3;16;51.277;51.277;
2016;3;17;54.2;54.2;
2016;3;18;51.071;51.071;
2016;3;19;55.621;55.621;
2016;3;20;52.933;52.933;
2016;3;21;53.054;53.054;
2016;3;22;52.958;52.958;
2016;3;23;51.535;51.535;
2016;3;24;51.936;51.936;
2016;3;25;34.06;34.06;
2016;3;26;31.052;31.052;
2016;3;27;30.588;30.588;
2016;3;28;30.705;30.705;
2016;3;29;24.8;24.8;
2016;3;30;24.465;24.465;
2016;3;31;18.811;18.811;
2016;4;1;11.843;11.843;
2016;4;2;3.301;3.301;
2016;4;3;5.355;5.355;
2016;4;4;5.601;5.601;
2016;4;5;6.218;6.218;
2016;4;6;4.6;4.6;
2016;4;7;3.71;3.71;
2016;4;8;5.768;5.768;
2016;4;9;3.054;3.054;
2016;4;10;1.688;1.688;
2016;4;11;1.783;1.783;
2016;4;12;0.002;0.002;
2016;4;13;0.003;0.003;
2016;4;14;0.007;0.007;
2016;4;15;0.0;0.0;
2016;4;16;0.0;0.0;
2016;4;17;0.0;0.0;
2016;4;18;0.0;0.0;
2016;4;19;0.0;0.0;
2016;4;20;0.0;0.0;
2016;4;21;0.0;0.0;
2016;4;22;0.0;0.0;
2016;4;23;0.0;0.0;
2016;4;24;0.0;0.0;
2016;4;25;0.0;0.0;
2016;4;26;0.0;0.0;
2016;4;27;0.0;0.0;
2016;4;28;0.0;0.0;
2016;4;29;0.0;0.0;
2016;4;30;0.0;0.0;
2016;5;1;0.0;0.0;
2016;5;2;0.0;0.0;
2016;5;3;0.0;0.0;
2016;5;4;0.0;0.0;
2016;5;5;0.0;0.0;
2016;5;6;0.0;0.0;
2016;5;7;0.0;0.0;
2016;5;8;0.0;0.0;
2016;5;9;0.0;0.0;
2016;5;10;0.0;0.0;
2016;5;11;0.0;0.0;
2016;5;12;0.0;0.0;
2016;5;13;0.0;0.0;
2016;5;14;0.0;0.0;
2016;5;15;0.0;0.0;
2016;5;16;0.0;0.0;
2016;5;17;0.0;0.0;
2016;5;18;0.0;0.0;
2016;5;19;0.0;0.0;
2016;5;20;0.0;0.0;
2016;5;21;0.0;0.0;
2016;5;22;0.0;0.0;
2016;5;23;0.0;0.0;
2016;5;24;0.0;0.0;
2016;5;25;0.0;0.0;
2016;5;26;0.0;0.0;
2016;5;27;0.071;0.071;
2016;5;28;0.0;0.0;
2016;5;29;0.0;0.0;
2016;5;30;0.0;0.0;
2016;5;31;0.0;0.0;
2016;6;1;0.0;0.0;
2016;6;2;0.0;0.0;
2016;6;3;0.0;0.0;
2016;6;4;0.0;0.0;
2016;6;5;0.0;0.0;
2016;6;6;0.0;0.0;
2016;6;7;0.0;0.0;
2016;6;8;0.0;0.0;
2016;6;9;0.0;0.0;
2016;6;10;0.0;0.0;
2016;6;11;0.0;0.0;
2016;6;12;0.385;0.385;
2016;6;13;0.034;0.034;
2016;6;14;0.066;0.066;
2016;6;15;0.024;0.024;
2016;6;16;0.006;0.006;
2016;6;17;0.003;0.003;
2016;6;18;0.002;0.002;
2016;6;19;0.0;0.0;
2016;6;20;0.0;0.0;
2016;6;21;0.0;0.0;
2016;6;22;0.0;0.0;
2016;6;23;0.0;0.0;
2016;6;24;0.0;0.0;
2016;6;25;0.0;0.0;
2016;6;26;0.0;0.0;
2016;6;27;0.0;0.0;
2016;6;28;0.0;0.0;
2016;6;29;0.0;0.0;
2016;6;30;0.0;0.0;
2016;7;1;0.0;0.0;
2016;7;2;0.0;0.0;
2016;7;3;0.0;0.0;
2016;7;4;0.0;0.0;
2016;7;5;0.0;0.0;
2016;7;6;0.0;0.0;
2016;7;7;0.0;0.0;
2016;7;8;0.0;0.0;
2016;7;9;0.0;0.0;
2016;7;10;0.0;0.0;
2016;7;11;0.0;0.0;
2016;7;12;0.002;0.002;
2016;7;13;1.632;1.632;
2016;7;14;2.182;2.182;
2016;7;15;2.556;2.556;
2016;7;16;2.336;2.336;
2016;7;17;4.239;4.239;
2016;7;18;4.364;4.364;
2016;7;19;1.419;1.419;
2016;7;20;1.076;1.076;
2016;7;21;0.0;0.0;
2016;7;22;0.0;0.0;
2016;7;23;0.0;0.0;
2016;7;24;0.0;0.0;
2016;7;25;0.0;0.0;
2016;7;26;0.0;0.0;
2016;7;27;0.0;0.0;
2016;7;28;0.0;0.0;
2016;7;29;0.0;0.0;
2016;7;30;0.0;0.0;
2016;7;31;0.0;0.0;
2016;8;1;0.0;0.0;
2016;8;2;0.0;0.0;
2016;8;3;0.0;0.0;
2016;8;4;0.0;0.0;
2016;8;5;0.0;0.0;
2016;8;6;0.0;0.0;
2016;8;7;0.0;0.0;
2016;8;8;0.0;0.0;
2016;8;9;0.0;0.0;
2016;8;10;0.0;0.0;
2016;8;11;0.0;0.0;
2016;8;12;0.0;0.0;
2016;8;13;0.003;0.003;
2016;8;14;0.0;0.0;
2016;8;15;0.0;0.0;
2016;8;16;0.0;0.0;
2016;8;17;0.0;0.0;
2016;8;18;0.0;0.0;
2016;8;19;0.0;0.0;
2016;8;20;0.0;0.0;
2016;8;21;0.0;0.0;
2016;8;22;0.0;0.0;
2016;8;23;0.0;0.0;
2016;8;24;0.0;0.0;
2016;8;25;0.616;0.616;
2016;8;26;0.451;0.451;
2016;8;27;0.157;0.157;
2016;8;28;0.379;0.379;
2016;8;29;0.205;0.205;
2016;8;30;0.43;0.43;
2016;8;31;0.169;0.169;
2016;9;1;0.0;0.0;
2016;9;2;0.0;0.0;
2016;9;3;0.0;0.0;
2016;9;4;0.0;0.0;
2016;9;5;0.0;0.0;
2016;9;6;0.0;0.0;
2016;9;7;0.0;0.0;
2016;9;8;0.0;0.0;
2016;9;9;0.007;0.007;
2016;9;10;1.339;1.339;
2016;9;11;8.701;8.701;
2016;9;12;43.5;43.5;
2016;9;13;46.414;46.414;
2016;9;14;45.161;45.161;
2016;9;15;43.113;43.113;
2016;9;16;46.51;46.51;
2016;9;17;29.779;29.779;
2016;9;18;30.042;30.042;
2016;9;19;29.639;29.639;
2016;9;20;32.505;32.505;
2016;9;21;7.864;7.864;
2016;9;22;0.968;0.968;
2016;9;23;0.0;0.0;
2016;9;24;0.0;0.0;
2016;9;25;0.0;0.0;
2016;9;26;0.0;0.0;
2016;9;27;0.0;0.0;
2016;9;28;0.0;0.0;
2016;9;29;0.0;0.0;
2016;9;30;0.0;0.0;
2016;10;1;0.0;0.0;
2016;10;2;0.0;0.0;
2016;10;3;0.0;0.0;
2016;10;4;0.577;0.577;
2016;10;5;1.215;1.215;
2016;10;6;1.461;1.461;
2016;10;7;1.73;1.73;
2016;10;8;1.242;1.242;
2016;10;9;0.184;0.184;
2016;10;10;0.369;0.369;
2016;10;11;0.191;0.191;
2016;10;12;0.209;0.209;
2016;10;13;0.993;0.993;
2016;10;14;0.543;0.543;
2016;10;15;0.961;0.961;
2016;10;16;0.897;0.897;
2016;10;17;0.929;0.929;
2016;10;18;10.052;10.052;
2016;10;19;6.772;6.772;
2016;10;20;13.68;13.68;
2016;10;21;11.747;11.747;
2016;10;22;21.557;21.557;
2016;10;23;12.725;12.725;
2016;10;24;35.944;35.944;
2016;10;25;27.094;27.094;
2016;10;26;11.54;11.54;
2016;10;27;12.273;12.273;
2016;10;28;7.812;7.812;
2016;10;29;8.167;8.167;
2016;10;30;12.182;12.182;
2016;10;31;12.393;12.393;
2016;11;1;;;
2016;11;2;;;
2016;11;3;;;
2016;11;4;;;
2016;11;5;;;
2016;11;6;;;
2016;11;7;;;
2016;11;8;;;
2016;11;9;;;
2016;11;10;;;
2016;11;11;;;
2016;11;12;;;
2016;11;13;;;
2016;11;14;;;
2016;11;15;;;
2016;11;16;;;
2016;11;17;;;
2016;11;18;;;
2016;11;19;;;
2016;11;20;;;
2016;11;21;;;
2016;11;22;;;
2016;11;23;;;
2016;11;24;;;
2016;11;25;;;
2016;11;26;;;
2016;11;27;;;
2016;11;28;;;
2016;11;29;;;
2016;11;30;;;
2016;12;1;;;
2016;12;2;;;
2016;12;3;;;
2016;12;4;;;
2016;12;5;;;
2016;12;6;;;
2016;12;7;;;
2016;12;8;;;
2016;12;9;;;
2016;12;10;;;
2016;12;11;;;
2016;12;12;;;
2016;12;13;;;
2016;12;14;;;
2016;12;15;;;
2016;12;16;;;
2016;12;17;;;
2016;12;18;;;
2016;12;19;;;
2016;12;20;;;
2016;12;21;;;
2016;12;22;;;
2016;12;23;;;
2016;12;24;;;
2016;12;25;;;
2016;12;26;;;
2016;12;27;;;
2016;12;28;;;
2016;12;29;;;
2016;12;30;;;
2016;12;31;;;
2017;1;1;;;
2017;1;2;;;
2017;1;3;;;
2017;1;4;;;
2017;1;5;;;
2017;1;6;;;
2017;1;7;;;
2017;1;8;;;
2017;1;9;;;
2017;1;10;;;
2017;1;11;;;
2017;1;12;;;
2017;1;13;;;
2017;1;14;;;
2017;1;15;;;
2017;1;16;;;
2017;1;17;;;
2017;1;18;;;
2017;1;19;;;
2017;1;20;;;
2017;1;21;;;
2017;1;22;;;
2017;1;23;;;
2017;1;24;;;
2017;1;25;;;
2017;1;26;;;
2017;1;27;;;
2017;1;28;;;
2017;1;29;;;
2017;1;30;;;
2017;1;31;;;
2017;2;1;42.009;42.009;
2017;2;2;43.667;43.667;
2017;2;3;46.784;46.784;
2017;2;4;46.952;46.952;
2017;2;5;48.074;48.074;
2017;2;6;47.922;47.922;
2017;2;7;47.952;47.952;
2017;2;8;48.955;48.955;
2017;2;9;49.387;49.387;
2017;2;10;47.145;47.145;
2017;2;11;13.72;13.72;
2017;2;12;12.09;12.09;
2017;2;13;13.176;13.176;
2017;2;14;13.407;13.407;
2017;2;15;13.224;13.224;
2017;2;16;13.456;13.456;
2017;2;17;38.114;38.114;
2017;2;18;24.393;24.393;
2017;2;19;38.035;38.035;
2017;2;20;43.168;43.168;
2017;2;21;79.182;79.182;
2017;2;22;83.53;83.53;
2017;2;23;87.79;87.79;
2017;2;24;87.815;87.815;
2017;2;25;86.937;86.937;
2017;2;26;86.685;86.685;
2017;2;27;85.556;85.556;
2017;2;28;86.468;86.468;
2017;3;1;85.997;85.997;
2017;3;2;85.395;85.395;
2017;3;3;85.468;85.468;
2017;3;4;84.726;84.726;
2017;3;5;84.144;84.144;
2017;3;6;83.081;83.081;
2017;3;7;83.081;83.081;
2017;3;8;84.049;84.049;
2017;3;9;58.45;58.45;
2017;3;10;53.468;53.468;
2017;3;11;52.141;52.141;
2017;3;12;50.635;50.635;
2017;3;13;53.142;53.142;
2017;3;14;68.145;68.145;
2017;3;15;85.38;85.38;
2017;3;16;74.986;74.986;
2017;3;17;73.471;73.471;
2017;3;18;73.868;73.868;
2017;3;19;82.129;82.129;
2017;3;20;73.726;73.726;
2017;3;21;73.968;73.968;
2017;3;22;72.892;72.892;
2017;3;23;72.928;72.928;
2017;3;24;73.175;73.175;
2017;3;25;73.322;73.322;
2017;3;26;73.26;73.26;
2017;3;27;22.92;22.92;
2017;3;28;6.758;6.758;
2017;3;29;1.958;1.958;
2017;3;30;5.64;5.64;
2017;3;31;5.475;5.475;
2017;4;1;4.838;4.838;
2017;4;2;4.837;4.837;
2017;4;3;4.546;4.546;
2017;4;4;5.254;5.254;
2017;4;5;4.456;4.456;
2017;4;6;4.398;4.398;
2017;4;7;0.186;0.186;
2017;4;8;0.107;0.107;
2017;4;9;32.982;32.982;
2017;4;10;55.808;55.808;
2017;4;11;15.794;15.794;
2017;4;12;13.419;13.419;
2017;4;13;15.111;15.111;
2017;4;14;25.274;25.274;
2017;4;15;1.102;1.102;
2017;4;16;0.613;0.613;
2017;4;17;0.0;0.0;
2017;4;18;0.0;0.0;
2017;4;19;0.0;0.0;
2017;4;20;0.0;0.0;
2017;4;21;0.0;0.0;
2017;4;22;0.0;0.0;
2017;4;23;0.0;0.0;
2017;4;24;0.0;0.0;
2017;4;25;0.0;0.0;
2017;4;26;0.0;0.0;
2017;4;27;0.0;0.0;
2017;4;28;0.0;0.0;
2017;4;29;2.629;2.629;
2017;4;30;0.0;0.0;
2017;5;1;0.0;0.0;
2017;5;2;0.0;0.0;
2017;5;3;0.0;0.0;
2017;5;4;0.0;0.0;
2017;5;5;0.0;0.0;
2017;5;6;0.0;0.0;
2017;5;7;0.0;0.0;
2017;5;8;0.0;0.0;
2017;5;9;0.0;0.0;
2017;5;10;0.0;0.0;
2017;5;11;0.0;0.0;
2017;5;12;0.0;0.0;
2017;5;13;0.0;0.0;
2017;5;14;0.0;0.0;
2017;5;15;0.0;0.0;
2017;5;16;0.0;0.0;
2017;5;17;0.0;0.0;
2017;5;18;0.0;0.0;
2017;5;19;0.0;0.0;
2017;5;20;0.0;0.0;
2017;5;21;0.0;0.0;
2017;5;22;0.0;0.0;
2017;5;23;0.0;0.0;
2017;5;24;0.0;0.0;
2017;5;25;0.0;0.0;
2017;5;26;0.14;0.14;
2017;5;27;0.154;0.154;
2017;5;28;0.231;0.231;
2017;5;29;0.19;0.19;
2017;5;30;0.079;0.079;
2017;5;31;0.091;0.091;
2017;6;1;0.263;0.263;
2017;6;2;0.266;0.266;
2017;6;3;0.278;0.278;
2017;6;4;0.299;0.299;
2017;6;5;0.274;0.274;
2017;6;6;0.244;0.244;
2017;6;7;0.243;0.243;
2017;6;8;0.244;0.244;
2017;6;9;0.267;0.267;
2017;6;10;0.221;0.221;
2017;6;11;0.242;0.242;
2017;6;12;0.008;0.008;
2017;6;13;0.004;0.004;
2017;6;14;0.006;0.006;
2017;6;15;0.004;0.004;
2017;6;16;0.002;0.002;
2017;6;17;0.063;0.063;
2017;6;18;0.01;0.01;
2017;6;19;0.028;0.028;
2017;6;20;0.027;0.027;
2017;6;21;0.009;0.009;
2017;6;22;0.006;0.006;
2017;6;23;0.0;0.0;
2017;6;24;0.0;0.0;
2017;6;25;0.0;0.0;
2017;6;26;0.0;0.0;
2017;6;27;0.0;0.0;
2017;6;28;0.0;0.0;
2017;6;29;0.0;0.0;
2017;6;30;0.0;0.0;
2017;7;1;0.0;0.0;
2017;7;2;0.0;0.0;
2017;7;3;0.0;0.0;
2017;7;4;0.077;0.077;
2017;7;5;0.0;0.0;
2017;7;6;0.0;0.0;
2017;7;7;0.0;0.0;
2017;7;8;0.161;0.161;
2017;7;9;0.0;0.0;
2017;7;10;0.0;0.0;
2017;7;11;0.0;0.0;
2017;7;12;0.0;0.0;
2017;7;13;0.0;0.0;
2017;7;14;0.0;0.0;
2017;7;15;0.0;0.0;
2017;7;16;0.0;0.0;
2017;7;17;0.0;0.0;
2017;7;18;0.0;0.0;
2017;7;19;0.0;0.0;
2017;7;20;0.0;0.0;
2017;7;21;0.0;0.0;
2017;7;22;0.0;0.0;
2017;7;23;0.0;0.0;
2017;7;24;0.0;0.0;
2017;7;25;0.0;0.0;
2017;7;26;0.0;0.0;
2017;7;27;0.0;0.0;
2017;7;28;0.0;0.0;
2017;7;29;0.0;0.0;
2017;7;30;0.0;0.0;
2017;7;31;0.0;0.0;
2017;8;1;0.0;0.0;
2017;8;2;0.0;0.0;
2017;8;3;0.004;0.004;
2017;8;4;0.0;0.0;
2017;8;5;0.0;0.0;
2017;8;6;0.0;0.0;
2017;8;7;0.0;0.0;
2017;8;8;0.0;0.0;
2017;8;9;0.0;0.0;
2017;8;10;0.0;0.0;
2017;8;11;0.0;0.0;
2017;8;12;0.0;0.0;
2017;8;13;0.0;0.0;
2017;8;14;0.0;0.0;
2017;8;15;0.0;0.0;
2017;8;16;0.0;0.0;
2017;8;17;0.0;0.0;
2017;8;18;0.0;0.0;
2017;8;19;0.0;0.0;
2017;8;20;0.0;0.0;
2017;8;21;0.0;0.0;
2017;8;22;0.0;0.0;
2017;8;23;0.0;0.0;
2017;8;24;0.0;0.0;
2017;8;25;0.0;0.0;
2017;8;26;0.0;0.0;
2017;8;27;0.0;0.0;
2017;8;28;0.0;0.0;
2017;8;29;0.0;0.0;
2017;8;30;0.0;0.0;
2017;8;31;0.0;0.0;
2017;9;1;0.0;0.0;
2017;9;2;0.0;0.0;
2017;9;3;0.0;0.0;
2017;9;4;0.0;0.0;
2017;9;5;0.0;0.0;
2017;9;6;0.0;0.0;
2017;9;7;0.0;0.0;
2017;9;8;0.0;0.0;
2017;9;9;0.0;0.0;
2017;9;10;0.0;0.0;
2017;9;11;0.0;0.0;
2017;9;12;0.0;0.0;
2017;9;13;0.0;0.0;
2017;9;14;0.0;0.0;
2017;9;15;0.0;0.0;
2017;9;16;0.0;0.0;
2017;9;17;0.0;0.0;
2017;9;18;0.0;0.0;
2017;9;19;0.0;0.0;
2017;9;20;23.396;23.396;
2017;9;21;27.786;27.786;
2017;9;22;23.731;23.731;
2017;9;23;23.118;23.118;
2017;9;24;26.578;26.578;
2017;9;25;27.379;27.379;
2017;9;26;3.234;3.234;
2017;9;27;0.23;0.23;
2017;9;28;0.0;0.0;
2017;9;29;0.0;0.0;
2017;9;30;0.0;0.0;
2017;10;1;0.0;0.0;
2017;10;2;0.0;0.0;
2017;10;3;0.0;0.0;
2017;10;4;0.0;0.0;
2017;10;5;0.0;0.0;
2017;10;6;0.0;0.0;
2017;10;7;0.0;0.0;
2017;10;8;0.018;0.018;
2017;10;9;21.399;21.399;
2017;10;10;0.026;0.026;
2017;10;11;0.025;0.025;
2017;10;12;0.052;0.052;
2017;10;13;2.999;2.999;
2017;10;14;0.057;0.057;
2017;10;15;0.0;0.0;
2017;10;16;0.0;0.0;
2017;10;17;0.0;0.0;
2017;10;18;0.0;0.0;
2017;10;19;0.0;0.0;
2017;10;20;0.0;0.0;
2017;10;21;1.293;1.293;
2017;10;22;6.088;6.088;
2017;10;23;5.969;5.969;
2017;10;24;4.85;4.85;
2017;10;25;6.625;6.625;
2017;10;26;6.472;6.472;
2017;10;27;3.629;3.629;
2017;10;28;4.414;4.414;
2017;10;29;4.241;4.241;
2017;10;30;5.474;5.474;
2017;10;31;5.004;5.004;
2017;11;1;;;
2017;11;2;;;
2017;11;3;;;
2017;11;4;;;
2017;11;5;;;
2017;11;6;;;
2017;11;7;;;
2017;11;8;;;
2017;11;9;;;
2017;11;10;;;
2017;11;11;;;
2017;11;12;;;
2017;11;13;;;
2017;11;14;;;
2017;11;15;;;
2017;11;16;;;
2017;11;17;;;
2017;11;18;;;
2017;11;19;;;
2017;11;20;;;
2017;11;21;;;
2017;11;22;;;
2017;11;23;;;
2017;11;24;;;
2017;11;25;;;
2017;11;26;;;
2017;11;27;;;
2017;11;28;;;
2017;11;29;;;
2017;11;30;;;
2017;12;1;;;
2017;12;2;;;
2017;12;3;;;
2017;12;4;;;
2017;12;5;;;
2017;12;6;;;
2017;12;7;;;
2017;12;8;;;
2017;12;9;;;
2017;12;10;;;
2017;12;11;;;
2017;12;12;;;
2017;12;13;;;
2017;12;14;;;
2017;12;15;;;
2017;12;16;;;
2017;12;17;;;
2017;12;18;;;
2017;12;19;;;
2017;12;20;;;
2017;12;21;;;
2017;12;22;;;
2017;12;23;;;
2017;12;24;;;
2017;12;25;;;
2017;12;26;;;
2017;12;27;;;
2017;12;28;;;
2017;12;29;;;
2017;12;30;;;
2017;12;31;;;
2018;1;1;;;
2018;1;2;;;
2018;1;3;;;
2018;1;4;;;
2018;1;5;;;
2018;1;6;;;
2018;1;7;;;
2018;1;8;;;
2018;1;9;;;
2018;1;10;;;
2018;1;11;;;
2018;1;12;;;
2018;1;13;;;
2018;1;14;;;
2018;1;15;;;
2018;1;16;;;
2018;1;17;;;
2018;1;18;;;
2018;1;19;;;
2018;1;20;;;
2018;1;21;;;
2018;1;22;;;
2018;1;23;;;
2018;1;24;;;
2018;1;25;;;
2018;1;26;;;
2018;1;27;;;
2018;1;28;;;
2018;1;29;;;
2018;1;30;;;
2018;1;31;;;
2018;2;1;60.475;60.475;
2018;2;2;60.362;60.362;
2018;2;3;57.911;57.911;
2018;2;4;58.875;58.875;
2018;2;5;58.89;58.89;
2018;2;6;58.778;58.778;
2018;2;7;59.371;59.371;
2018;2;8;59.656;59.656;
2018;2;9;61.563;61.563;
2018;2;10;61.425;61.425;
2018;2;11;63.25;63.25;
2018;2;12;64.955;64.955;
2018;2;13;65.362;65.362;
2018;2;14;65.843;65.843;
2018;2;15;66.849;66.849;
2018;2;16;66.244;66.244;
2018;2;17;64.95;64.95;
2018;2;18;64.171;64.171;
2018;2;19;64.664;64.664;
2018;2;20;60.634;60.634;
2018;2;21;62.518;62.518;
2018;2;22;63.25;63.25;
2018;2;23;49.111;49.111;
2018;2;24;51.604;51.604;
2018;2;25;41.523;41.523;
2018;2;26;17.556;17.556;
2018;2;27;3.971;3.971;
2018;2;28;2.508;2.508;
2018;3;1;10.815;10.815;
2018;3;2;12.169;12.169;
2018;3;3;4.504;4.504;
2018;3;4;4.379;4.379;
2018;3;5;4.992;4.992;
2018;3;6;16.468;16.468;
2018;3;7;5.638;5.638;
2018;3;8;5.122;5.122;
2018;3;9;7.439;7.439;
2018;3;10;35.167;35.167;
2018;3;11;51.877;51.877;
2018;3;12;41.085;41.085;
2018;3;13;39.82;39.82;
2018;3;14;36.025;36.025;
2018;3;15;32.11;32.11;
2018;3;16;18.807;18.807;
2018;3;17;3.742;3.742;
2018;3;18;0.748;0.748;
2018;3;19;0.337;0.337;
2018;3;20;0.336;0.336;
2018;3;21;0.339;0.339;
2018;3;22;0.332;0.332;
2018;3;23;0.645;0.645;
2018;3;24;0.323;0.323;
2018;3;25;0.323;0.323;
2018;3;26;0.323;0.323;
2018;3;27;0.323;0.323;
2018;3;28;0.323;0.323;
2018;3;29;0.243;0.243;
2018;3;30;70.584;70.584;
2018;3;31;65.338;65.338;
2018;4;1;60.634;60.634;
2018;4;2;56.779;56.779;
2018;4;3;54.927;54.927;
2018;4;4;63.589;63.589;
2018;4;5;60.968;60.968;
2018;4;6;53.875;53.875;
2018;4;7;52.676;52.676;
2018;4;8;58.888;58.888;
2018;4;9;60.433;60.433;
2018;4;10;44.901;44.901;
2018;4;11;39.407;39.407;
2018;4;12;31.573;31.573;
2018;4;13;10.107;10.107;
2018;4;14;4.986;4.986;
2018;4;15;23.432;23.432;
2018;4;16;21.883;21.883;
2018;4;17;2.927;2.927;
2018;4;18;2.442;2.442;
2018;4;19;3.7;3.7;
2018;4;20;2.961;2.961;
2018;4;21;2.232;2.232;
2018;4;22;20.323;20.323;
2018;4;23;0.259;0.259;
2018;4;24;0.231;0.231;
2018;4;25;0.256;0.256;
2018;4;26;0.236;0.236;
2018;4;27;0.001;0.001;
2018;4;28;0.001;0.001;
2018;4;29;0.194;0.194;
2018;4;30;0.0;0.0;
2018;5;1;0.0;0.0;
2018;5;2;0.0;0.0;
2018;5;3;0.0;0.0;
2018;5;4;0.0;0.0;
2018;5;5;0.0;0.0;
2018;5;6;0.0;0.0;
2018;5;7;0.0;0.0;
2018;5;8;0.001;0.001;
2018;5;9;0.001;0.001;
2018;5;10;0.0;0.0;
2018;5;11;0.001;0.001;
2018;5;12;1.378;1.378;
2018;5;13;0.0;0.0;
2018;5;14;0.0;0.0;
2018;5;15;0.0;0.0;
2018;5;16;0.0;0.0;
2018;5;17;0.0;0.0;
2018;5;18;0.0;0.0;
2018;5;19;0.0;0.0;
2018;5;20;0.0;0.0;
2018;5;21;0.0;0.0;
2018;5;22;0.0;0.0;
2018;5;23;0.0;0.0;
2018;5;24;0.0;0.0;
2018;5;25;0.0;0.0;
2018;5;26;0.0;0.0;
2018;5;27;0.0;0.0;
2018;5;28;0.0;0.0;
2018;5;29;0.0;0.0;
2018;5;30;0.0;0.0;
2018;5;31;0.0;0.0;
2018;6;1;0.0;0.0;
2018;6;2;0.0;0.0;
2018;6;3;0.0;0.0;
2018;6;4;0.0;0.0;
2018;6;5;0.0;0.0;
2018;6;6;0.0;0.0;
2018;6;7;0.0;0.0;
2018;6;8;0.0;0.0;
2018;6;9;0.0;0.0;
2018;6;10;0.0;0.0;
2018;6;11;0.0;0.0;
2018;6;12;0.0;0.0;
2018;6;13;0.0;0.0;
2018;6;14;0.557;0.557;
2018;6;15;0.1;0.1;
2018;6;16;0.135;0.135;
2018;6;17;0.067;0.067;
2018;6;18;0.119;0.119;
2018;6;19;0.317;0.317;
2018;6;20;0.061;0.061;
2018;6;21;0.113;0.113;
2018;6;22;0.11;0.11;
2018;6;23;0.12;0.12;
2018;6;24;0.152;0.152;
2018;6;25;0.439;0.439;
2018;6;26;0.294;0.294;
2018;6;27;0.094;0.094;
2018;6;28;0.133;0.133;
2018;6;29;0.034;0.034;
2018;6;30;0.0;0.0;
2018;7;1;0.0;0.0;
2018;7;2;0.0;0.0;
2018;7;3;0.0;0.0;
2018;7;4;0.0;0.0;
2018;7;5;0.0;0.0;
2018;7;6;0.0;0.0;
2018;7;7;0.0;0.0;
2018;7;8;0.0;0.0;
2018;7;9;0.0;0.0;
2018;7;10;0.0;0.0;
2018;7;11;0.0;0.0;
2018;7;12;0.0;0.0;
2018;7;13;0.0;0.0;
2018;7;14;0.0;0.0;
2018;7;15;0.04;0.04;
2018;7;16;0.018;0.018;
2018;7;17;0.026;0.026;
2018;7;18;0.037;0.037;
2018;7;19;0.004;0.004;
2018;7;20;0.04;0.04;
2018;7;21;0.002;0.002;
2018;7;22;0.001;0.001;
2018;7;23;0.002;0.002;
2018;7;24;0.001;0.001;
2018;7;25;0.058;0.058;
2018;7;26;0.347;0.347;
2018;7;27;0.0;0.0;
2018;7;28;0.0;0.0;
2018;7;29;0.0;0.0;
2018;7;30;0.0;0.0;
2018;7;31;0.0;0.0;
2018;8;1;0.0;0.0;
2018;8;2;0.0;0.0;
2018;8;3;0.0;0.0;
2018;8;4;0.0;0.0;
2018;8;5;0.0;0.0;
2018;8;6;0.0;0.0;
2018;8;7;0.0;0.0;
2018;8;8;0.0;0.0;
2018;8;9;0.0;0.0;
2018;8;10;0.0;0.0;
2018;8;11;0.0;0.0;
2018;8;12;0.0;0.0;
2018;8;13;0.0;0.0;
2018;8;14;0.0;0.0;
2018;8;15;0.0;0.0;
2018;8;16;0.0;0.0;
2018;8;17;0.0;0.0;
2018;8;18;0.0;0.0;
2018;8;19;0.0;0.0;
2018;8;20;0.0;0.0;
2018;8;21;0.0;0.0;
2018;8;22;0.0;0.0;
2018;8;23;0.0;0.0;
2018;8;24;0.0;0.0;
2018;8;25;0.0;0.0;
2018;8;26;0.0;0.0;
2018;8;27;0.0;0.0;
2018;8;28;0.0;0.0;
2018;8;29;0.0;0.0;
2018;8;30;1.256;1.256;
2018;8;31;0.0;0.0;
2018;9;1;0.952;0.952;
2018;9;2;0.903;0.903;
2018;9;3;0.0;0.0;
2018;9;4;0.0;0.0;
2018;9;5;0.0;0.0;
2018;9;6;0.0;0.0;
2018;9;7;0.0;0.0;
2018;9;8;0.0;0.0;
2018;9;9;0.0;0.0;
2018;9;10;0.0;0.0;
2018;9;11;0.0;0.0;
2018;9;12;0.0;0.0;
2018;9;13;0.0;0.0;
2018;9;14;0.0;0.0;
2018;9;15;0.0;0.0;
2018;9;16;0.0;0.0;
2018;9;17;0.0;0.0;
2018;9;18;0.0;0.0;
2018;9;19;0.0;0.0;
2018;9;20;0.0;0.0;
2018;9;21;0.0;0.0;
2018;9;22;0.0;0.0;
2018;9;23;0.0;0.0;
2018;9;24;0.306;0.306;
2018;9;25;0.0;0.0;
2018;9;26;0.306;0.306;
2018;9;27;0.004;0.004;
2018;9;28;0.003;0.003;
2018;9;29;2.481;2.481;
2018;9;30;0.0;0.0;
2018;10;1;0.0;0.0;
2018;10;2;0.0;0.0;
2018;10;3;0.0;0.0;
2018;10;4;0.001;0.001;
2018;10;5;0.0;0.0;
2018;10;6;6.523;6.523;
2018;10;7;6.718;6.718;
2018;10;8;0.076;0.076;
2018;10;9;3.514;3.514;
2018;10;10;5.497;5.497;
2018;10;11;22.7;22.7;
2018;10;12;10.616;10.616;
2018;10;13;10.174;10.174;
2018;10;14;12.558;12.558;
2018;10;15;9.456;9.456;
2018;10;16;9.437;9.437;
2018;10;17;7.61;7.61;
2018;10;18;18.233;18.233;
2018;10;19;15.686;15.686;
2018;10;20;8.224;8.224;
2018;10;21;3.935;3.935;
2018;10;22;3.516;3.516;
2018;10;23;8.863;8.863;
2018;10;24;4.015;4.015;
2018;10;25;1.104;1.104;
2018;10;26;11.582;11.582;
2018;10;27;17.01;17.01;
2018;10;28;19.626;19.626;
2018;10;29;17.215;17.215;
2018;10;30;17.587;17.587;
2018;10;31;26.762;26.762;
2018;11;1;;;
2018;11;2;;;
2018;11;3;;;
2018;11;4;;;
2018;11;5;;;
2018;11;6;;;
2018;11;7;;;
2018;11;8;;;
2018;11;9;;;
2018;11;10;;;
2018;11;11;;;
2018;11;12;;;
2018;11;13;;;
2018;11;14;;;
2018;11;15;;;
2018;11;16;;;
2018;11;17;;;
2018;11;18;;;
2018;11;19;;;
2018;11;20;;;
2018;11;21;;;
2018;11;22;;;
2018;11;23;;;
2018;11;24;;;
2018;11;25;;;
2018;11;26;;;
2018;11;27;;;
2018;11;28;;;
2018;11;29;;;
2018;11;30;;;
2018;12;1;;;
2018;12;2;;;
2018;12;3;;;
2018;12;4;;;
2018;12;5;;;
2018;12;6;;;
2018;12;7;;;
2018;12;8;;;
2018;12;9;;;
2018;12;10;;;
2018;12;11;;;
2018;12;12;;;
2018;12;13;;;
2018;12;14;;;
2018;12;15;;;
2018;12;16;;;
2018;12;17;;;
2018;12;18;;;
2018;12;19;;;
2018;12;20;;;
2018;12;21;;;
2018;12;22;;;
2018;12;23;;;
2018;12;24;;;
2018;12;25;;;
2018;12;26;;;
2018;12;27;;;
2018;12;28;;;
2018;12;29;;;
2018;12;30;;;
2018;12;31;;;
2019;1;1;;;
2019;1;2;;;
2019;1;3;;;
2019;1;4;;;
2019;1;5;;;
2019;1;6;;;
2019;1;7;;;
2019;1;8;;;
2019;1;9;;;
2019;1;10;;;
2019;1;11;;;
2019;1;12;;;
2019;1;13;;;
2019;1;14;;;
2019;1;15;;;
2019;1;16;;;
2019;1;17;;;
2019;1;18;;;
2019;1;19;;;
2019;1;20;;;
2019;1;21;;;
2019;1;22;;;
2019;1;23;;;
2019;1;24;;;
2019;1;25;;;
2019;1;26;;;
2019;1;27;;;
2019;1;28;;;
2019;1;29;;;
2019;1;30;;;
2019;1;31;;;
2019;2;1;66.427;66.427;
2019;2;2;66.748;66.748;
2019;2;3;67.079;67.079;
2019;2;4;69.91;69.91;
2019;2;5;71.328;71.328;
2019;2;6;68.948;68.948;
2019;2;7;74.169;74.169;
2019;2;8;76.798;76.798;
2019;2;9;74.242;74.242;
2019;2;10;72.848;72.848;
2019;2;11;73.365;73.365;
2019;2;12;78.153;78.153;
2019;2;13;76.687;76.687;
2019;2;14;74.717;74.717;
2019;2;15;75.946;75.946;
2019;2;16;76.817;76.817;
2019;2;17;77.508;77.508;
2019;2;18;73.137;73.137;
2019;2;19;66.241;66.241;
2019;2;20;66.24;66.24;
2019;2;21;64.527;64.527;
2019;2;22;62.014;62.014;
2019;2;23;54.928;54.928;
2019;2;24;53.274;53.274;
2019;2;25;48.296;48.296;
2019;2;26;48.565;48.565;
2019;2;27;10.27;10.27;
2019;2;28;7.46;7.46;
2019;3;1;9.59;9.59;
2019;3;2;3.653;3.653;
2019;3;3;5.611;5.611;
2019;3;4;5.355;5.355;
2019;3;5;47.975;47.975;
2019;3;6;47.14;47.14;
2019;3;7;47.826;47.826;
2019;3;8;48.718;48.718;
2019;3;9;56.952;56.952;
2019;3;10;56.355;56.355;
2019;3;11;61.159;61.159;
2019;3;12;63.524;63.524;
2019;3;13;63.52;63.52;
2019;3;14;65.301;65.301;
2019;3;15;63.914;63.914;
2019;3;16;82.586;82.586;
2019;3;17;82.418;82.418;
2019;3;18;82.494;82.494;
2019;3;19;74.734;74.734;
2019;3;20;76.119;76.119;
2019;3;21;71.234;71.234;
2019;3;22;72.863;72.863;
2019;3;23;72.03;72.03;
2019;3;24;73.75;73.75;
2019;3;25;70.368;70.368;
2019;3;26;72.998;72.998;
2019;3;27;70.057;70.057;
2019;3;28;66.987;66.987;
2019;3;29;67.023;67.023;
2019;3;30;65.613;65.613;
2019;3;31;63.752;63.752;
2019;4;1;63.964;63.964;
2019;4;2;60.5;60.5;
2019;4;3;59.267;59.267;
2019;4;4;52.086;52.086;
2019;4;5;32.487;32.487;
2019;4;6;34.472;34.472;
2019;4;7;28.146;28.146;
2019;4;8;11.179;11.179;
2019;4;9;10.971;10.971;
2019;4;10;10.035;10.035;
2019;4;11;4.251;4.251;
2019;4;12;4.567;4.567;
2019;4;13;0.981;0.981;
2019;4;14;5.412;5.412;
2019;4;15;3.82;3.82;
2019;4;16;3.865;3.865;
2019;4;17;3.761;3.761;
2019;4;18;3.394;3.394;
2019;4;19;4.165;4.165;
2019;4;20;4.491;4.491;
2019;4;21;4.746;4.746;
2019;4;22;5.247;5.247;
2019;4;23;4.224;4.224;
2019;4;24;3.449;3.449;
2019;4;25;3.859;3.859;
2019;4;26;3.67;3.67;
2019;4;27;2.884;2.884;
2019;4;28;1.561;1.561;
2019;4;29;0.0;0.0;
2019;4;30;0.0;0.0;
2019;5;1;0.0;0.0;
2019;5;2;0.0;0.0;
2019;5;3;0.0;0.0;
2019;5;4;0.0;0.0;
2019;5;5;0.0;0.0;
2019;5;6;0.0;0.0;
2019;5;7;0.0;0.0;
2019;5;8;0.0;0.0;
2019;5;9;0.0;0.0;
2019;5;10;0.0;0.0;
2019;5;11;0.0;0.0;
2019;5;12;0.0;0.0;
2019;5;13;0.0;0.0;
2019;5;14;0.0;0.0;
2019;5;15;0.0;0.0;
2019;5;16;2.249;2.249;
2019;5;17;3.298;3.298;
2019;5;18;1.871;1.871;
2019;5;19;1.822;1.822;
2019;5;20;2.139;2.139;
2019;5;21;1.564;1.564;
2019;5;22;0.001;0.001;
2019;5;23;0.001;0.001;
2019;5;24;0.0;0.0;
2019;5;25;0.0;0.0;
2019;5;26;0.0;0.0;
2019;5;27;0.0;0.0;
2019;5;28;0.0;0.0;
2019;5;29;0.0;0.0;
2019;5;30;0.0;0.0;
2019;5;31;0.0;0.0;
2019;6;1;0.0;0.0;
2019;6;2;0.0;0.0;
2019;6;3;0.0;0.0;
2019;6;4;0.0;0.0;
2019;6;5;0.0;0.0;
2019;6;6;0.0;0.0;
2019;6;7;0.0;0.0;
2019;6;8;0.0;0.0;
2019;6;9;0.0;0.0;
2019;6;10;0.0;0.0;
2019;6;11;0.0;0.0;
2019;6;12;0.0;0.0;
2019;6;13;0.0;0.0;
2019;6;14;0.0;0.0;
2019;6;15;0.0;0.0;
2019;6;16;0.0;0.0;
2019;6;17;0.0;0.0;
2019;6;18;0.026;0.026;
2019;6;19;0.005;0.005;
2019;6;20;0.007;0.007;
2019;6;21;0.01;0.01;
2019;6;22;0.003;0.003;
2019;6;23;0.018;0.018;
2019;6;24;0.005;0.005;
2019;6;25;0.0;0.0;
2019;6;26;0.0;0.0;
2019;6;27;0.0;0.0;
2019;6;28;0.0;0.0;
2019;6;29;0.0;0.0;
2019;6;30;0.0;0.0;
2019;7;1;0.0;0.0;
2019;7;2;0.0;0.0;
2019;7;3;0.0;0.0;
2019;7;4;0.0;0.0;
2019;7;5;0.0;0.0;
2019;7;6;0.0;0.0;
2019;7;7;0.0;0.0;
2019;7;8;0.0;0.0;
2019;7;9;0.0;0.0;
2019;7;10;0.0;0.0;
2019;7;11;0.0;0.0;
2019;7;12;0.002;0.002;
2019;7;13;1.389;1.389;
2019;7;14;1.22;1.22;
2019;7;15;1.136;1.136;
2019;7;16;1.389;1.389;
2019;7;17;0.406;0.406;
2019;7;18;1.363;1.363;
2019;7;19;3.721;3.721;
2019;7;20;4.796;4.796;
2019;7;21;2.473;2.473;
2019;7;22;4.035;4.035;
2019;7;23;2.275;2.275;
2019;7;24;0.0;0.0;
2019;7;25;0.0;0.0;
2019;7;26;0.0;0.0;
2019;7;27;0.0;0.0;
2019;7;28;0.0;0.0;
2019;7;29;0.0;0.0;
2019;7;30;0.0;0.0;
2019;7;31;0.0;0.0;
2019;8;1;0.0;0.0;
2019;8;2;0.0;0.0;
2019;8;3;0.0;0.0;
2019;8;4;0.0;0.0;
2019;8;5;0.0;0.0;
2019;8;6;0.0;0.0;
2019;8;7;0.0;0.0;
2019;8;8;0.0;0.0;
2019;8;9;0.0;0.0;
2019;8;10;0.0;0.0;
2019;8;11;0.0;0.0;
2019;8;12;0.0;0.0;
2019;8;13;0.0;0.0;
2019;8;14;0.0;0.0;
2019;8;15;0.0;0.0;
2019;8;16;0.0;0.0;
2019;8;17;0.0;0.0;
2019;8;18;0.0;0.0;
2019;8;19;0.0;0.0;
2019;8;20;2.462;2.462;
2019;8;21;0.0;0.0;
2019;8;22;3.63;3.63;
2019;8;23;22.031;22.031;
2019;8;24;22.344;22.344;
2019;8;25;28.259;28.259;
2019;8;26;27.676;27.676;
2019;8;27;0.0;0.0;
2019;8;28;0.0;0.0;
2019;8;29;0.0;0.0;
2019;8;30;0.0;0.0;
2019;8;31;0.0;0.0;
2019;9;1;0.0;0.0;
2019;9;2;0.0;0.0;
2019;9;3;0.0;0.0;
2019;9;4;0.0;0.0;
2019;9;5;0.0;0.0;
2019;9;6;0.0;0.0;
2019;9;7;0.0;0.0;
2019;9;8;0.465;0.465;
2019;9;9;0.847;0.847;
2019;9;10;0.81;0.81;
2019;9;11;0.258;0.258;
2019;9;12;0.261;0.261;
2019;9;13;0.261;0.261;
2019;9;14;0.267;0.267;
2019;9;15;0.305;0.305;
2019;9;16;0.276;0.276;
2019;9;17;1.259;1.259;
2019;9;18;0.001;0.001;
2019;9;19;0.0;0.0;
2019;9;20;0.025;0.025;
2019;9;21;0.008;0.008;
2019;9;22;2.456;2.456;
2019;9;23;0.793;0.793;
2019;9;24;0.674;0.674;
2019;9;25;0.261;0.261;
2019;9;26;0.27;0.27;
2019;9;27;0.648;0.648;
2019;9;28;0.277;0.277;
2019;9;29;0.263;0.263;
2019;9;30;0.486;0.486;
2019;10;1;0.273;0.273;
2019;10;2;0.266;0.266;
2019;10;3;0.486;0.486;
2019;10;4;0.492;0.492;
2019;10;5;0.0;0.0;
2019;10;6;0.0;0.0;
2019;10;7;0.0;0.0;
2019;10;8;0.0;0.0;
2019;10;9;0.098;0.098;
2019;10;10;0.0;0.0;
2019;10;11;0.145;0.145;
2019;10;12;0.118;0.118;
2019;10;13;0.777;0.777;
2019;10;14;0.694;0.694;
2019;10;15;0.127;0.127;
2019;10;16;0.155;0.155;
2019;10;17;0.15;0.15;
2019;10;18;0.0;0.0;
2019;10;19;0.0;0.0;
2019;10;20;0.0;0.0;
2019;10;21;0.0;0.0;
2019;10;22;0.0;0.0;
2019;10;23;0.0;0.0;
2019;10;24;0.0;0.0;
2019;10;25;0.0;0.0;
2019;10;26;0.0;0.0;
2019;10;27;0.0;0.0;
2019;10;28;0.0;0.0;
2019;10;29;0.0;0.0;
2019;10;30;0.0;0.0;
2019;10;31;0.0;0.0;
2019;11;1;;;
2019;11;2;;;
2019;11;3;;;
2019;11;4;;;
2019;11;5;;;
2019;11;6;;;
2019;11;7;;;
2019;11;8;;;
2019;11;9;;;
2019;11;10;;;
2019;11;11;;;
2019;11;12;;;
2019;11;13;;;
2019;11;14;;;
2019;11;15;;;
2019;11;16;;;
2019;11;17;;;
2019;11;18;;;
2019;11;19;;;
2019;11;20;;;
2019;11;21;;;
2019;11;22;;;
2019;11;23;;;
2019;11;24;;;
2019;11;25;;;
2019;11;26;;;
2019;11;27;;;
2019;11;28;;;
2019;11;29;;;
2019;11;30;;;
2019;12;1;;;
2019;12;2;;;
2019;12;3;;;
2019;12;4;;;
2019;12;5;;;
2019;12;6;;;
2019;12;7;;;
2019;12;8;;;
2019;12;9;;;
2019;12;10;;;
2019;12;11;;;
2019;12;12;;;
2019;12;13;;;
2019;12;14;;;
2019;12;15;;;
2019;12;16;;;
2019;12;17;;;
2019;12;18;;;
2019;12;19;;;
2019;12;20;;;
2019;12;21;;;
2019;12;22;;;
2019;12;23;;;
2019;12;24;;;
2019;12;25;;;
2019;12;26;;;
2019;12;27;;;
2019;12;28;;;
2019;12;29;;;
2019;12;30;;;
2019;12;31;;;
2020;1;1;;;
2020;1;2;;;
2020;1;3;;;
2020;1;4;;;
2020;1;5;;;
2020;1;6;;;
2020;1;7;;;
2020;1;8;;;
2020;1;9;;;
2020;1;10;;;
2020;1;11;;;
2020;1;12;;;
2020;1;13;;;
2020;1;14;;;
2020;1;15;;;
2020;1;16;;;
2020;1;17;;;
2020;1;18;;;
2020;1;19;;;
2020;1;20;;;
2020;1;21;;;
2020;1;22;;;
2020;1;23;;;
2020;1;24;;;
2020;1;25;;;
2020;1;26;;;
2020;1;27;;;
2020;1;28;;;
2020;1;29;;;
2020;1;30;;;
2020;1;31;;;
2020;2;1;72.699;72.699;
2020;2;2;72.692;72.692;
2020;2;3;73.147;73.147;
2020;2;4;75.26;75.26;
2020;2;5;76.911;76.911;
2020;2;6;58.934;58.934;
2020;2;7;44.23;44.23;
2020;2;8;44.583;44.583;
2020;2;9;48.706;48.706;
2020;2;10;48.594;48.594;
2020;2;11;52.065;52.065;
2020;2;12;52.061;52.061;
2020;2;13;51.404;51.404;
2020;2;14;51.479;51.479;
2020;2;15;51.752;51.752;
2020;2;16;52.065;52.065;
2020;2;17;51.316;51.316;
2020;2;18;52.146;52.146;
2020;2;19;53.301;53.301;
2020;2;20;52.616;52.616;
2020;2;21;66.039;66.039;
2020;2;22;67.277;67.277;
2020;2;23;67.297;67.297;
2020;2;24;74.249;74.249;
2020;2;25;73.776;73.776;
2020;2;26;78.935;78.935;
2020;2;27;73.236;73.236;
2020;2;28;72.486;72.486;
2020;2;29;76.621;76.621;
2020;3;1;73.847;73.847;
2020;3;2;73.871;73.871;
2020;3;3;73.345;73.345;
2020;3;4;73.909;73.909;
2020;3;5;73.208;73.208;
2020;3;6;74.032;74.032;
2020;3;7;74.274;74.274;
2020;3;8;76.379;76.379;
2020;3;9;74.713;74.713;
2020;3;10;74.73;74.73;
2020;3;11;76.92;76.92;
2020;3;12;81.129;81.129;
2020;3;13;80.712;80.712;
2020;3;14;80.022;80.022;
2020;3;15;80.387;80.387;
2020;3;16;80.326;80.326;
2020;3;17;89.145;89.145;
2020;3;18;80.227;80.227;
2020;3;19;73.306;73.306;
2020;3;20;80.264;80.264;
2020;3;21;80.263;80.263;
2020;3;22;71.371;71.371;
2020;3;23;70.763;70.763;
2020;3;24;71.76;71.76;
2020;3;25;80.312;80.312;
2020;3;26;80.313;80.313;
2020;3;27;77.952;77.952;
2020;3;28;75.443;75.443;
2020;3;29;79.944;79.944;
2020;3;30;78.109;78.109;
2020;3;31;75.334;75.334;
2020;4;1;74.457;74.457;
2020;4;2;73.534;73.534;
2020;4;3;70.899;70.899;
2020;4;4;65.093;65.093;
2020;4;5;62.367;62.367;
2020;4;6;62.373;62.373;
2020;4;7;62.53;62.53;
2020;4;8;65.919;65.919;
2020;4;9;64.933;64.933;
2020;4;10;64.478;64.478;
2020;4;11;63.537;63.537;
2020;4;12;63.566;63.566;
2020;4;13;63.686;63.686;
2020;4;14;28.797;28.797;
2020;4;15;17.8;17.8;
2020;4;16;0.017;0.017;
2020;4;17;0.0;0.0;
2020;4;18;0.0;0.0;
2020;4;19;0.0;0.0;
2020;4;20;0.0;0.0;
2020;4;21;0.0;0.0;
2020;4;22;0.001;0.001;
2020;4;23;0.0;0.0;
2020;4;24;0.0;0.0;
2020;4;25;0.0;0.0;
2020;4;26;0.0;0.0;
2020;4;27;0.0;0.0;
2020;4;28;0.0;0.0;
2020;4;29;0.0;0.0;
2020;4;30;0.0;0.0;
2020;5;1;0.0;0.0;
2020;5;2;0.0;0.0;
2020;5;3;0.0;0.0;
2020;5;4;0.0;0.0;
2020;5;5;0.0;0.0;
2020;5;6;0.0;0.0;
2020;5;7;0.0;0.0;
2020;5;8;0.0;0.0;
2020;5;9;0.0;0.0;
2020;5;10;0.0;0.0;
2020;5;11;0.0;0.0;
2020;5;12;0.0;0.0;
2020;5;13;0.0;0.0;
2020;5;14;0.0;0.0;
2020;5;15;0.0;0.0;
2020;5;16;0.0;0.0;
2020;5;17;0.0;0.0;
2020;5;18;0.0;0.0;
2020;5;19;0.0;0.0;
2020;5;20;0.0;0.0;
2020;5;21;0.0;0.0;
2020;5;22;0.0;0.0;
2020;5;23;0.0;0.0;
2020;5;24;0.0;0.0;
2020;5;25;0.0;0.0;
2020;5;26;0.0;0.0;
2020;5;27;0.0;0.0;
2020;5;28;0.0;0.0;
2020;5;29;0.0;0.0;
2020;5;30;0.0;0.0;
2020;5;31;0.0;0.0;
2020;6;1;0.0;0.0;
2020;6;2;0.0;0.0;
2020;6;3;0.0;0.0;
2020;6;4;0.0;0.0;
2020;6;5;0.0;0.0;
2020;6;6;0.0;0.0;
2020;6;7;0.0;0.0;
2020;6;8;0.0;0.0;
2020;6;9;0.0;0.0;
2020;6;10;0.0;0.0;
2020;6;11;0.0;0.0;
2020;6;12;0.0;0.0;
2020;6;13;0.0;0.0;
2020;6;14;0.0;0.0;
2020;6;15;0.0;0.0;
2020;6;16;0.0;0.0;
2020;6;17;0.0;0.0;
2020;6;18;0.0;0.0;
2020;6;19;0.0;0.0;
2020;6;20;0.0;0.0;
2020;6;21;0.0;0.0;
2020;6;22;0.0;0.0;
2020;6;23;0.0;0.0;
2020;6;24;0.0;0.0;
2020;6;25;0.0;0.0;
2020;6;26;0.0;0.0;
2020;6;27;0.0;0.0;
2020;6;28;0.0;0.0;
2020;6;29;0.0;0.0;
2020;6;30;0.0;0.0;
2020;7;1;0.0;0.0;
2020;7;2;0.0;0.0;
2020;7;3;0.0;0.0;
2020;7;4;0.0;0.0;
2020;7;5;0.0;0.0;
2020;7;6;0.0;0.0;
2020;7;7;0.0;0.0;
2020;7;8;0.0;0.0;
2020;7;9;0.0;0.0;
2020;7;10;0.0;0.0;
2020;7;11;0.0;0.0;
2020;7;12;0.0;0.0;
2020;7;13;0.0;0.0;
2020;7;14;0.0;0.0;
2020;7;15;0.0;0.0;
2020;7;16;0.0;0.0;
2020;7;17;0.0;0.0;
2020;7;18;0.0;0.0;
2020;7;19;0.0;0.0;
2020;7;20;0.0;0.0;
2020;7;21;0.0;0.0;
2020;7;22;0.0;0.0;
2020;7;23;0.0;0.0;
2020;7;24;0.0;0.0;
2020;7;25;0.0;0.0;
2020;7;26;0.005;0.005;
2020;7;27;0.0;0.0;
2020;7;28;0.005;0.005;
2020;7;29;0.0;0.0;
2020;7;30;0.002;0.002;
2020;7;31;0.0;0.0;
2020;8;1;0.003;0.003;
2020;8;2;0.022;0.022;
2020;8;3;12.261;12.261;
2020;8;4;17.67;17.67;
2020;8;5;15.416;15.416;
2020;8;6;2.183;2.183;
2020;8;7;0.105;0.105;
2020;8;8;0.116;0.116;
2020;8;9;0.0;0.0;
2020;8;10;0.0;0.0;
2020;8;11;0.0;0.0;
2020;8;12;0.0;0.0;
2020;8;13;0.0;0.0;
2020;8;14;0.0;0.0;
2020;8;15;0.0;0.0;
2020;8;16;0.0;0.0;
2020;8;17;0.0;0.0;
2020;8;18;0.0;0.0;
2020;8;19;0.0;0.0;
2020;8;20;0.0;0.0;
2020;8;21;0.0;0.0;
2020;8;22;0.0;0.0;
2020;8;23;0.0;0.0;
2020;8;24;0.0;0.0;
2020;8;25;0.0;0.0;
2020;8;26;0.0;0.0;
2020;8;27;0.0;0.0;
2020;8;28;0.0;0.0;
2020;8;29;0.0;0.0;
2020;8;30;0.0;0.0;
2020;8;31;0.0;0.0;
2020;9;1;0.0;0.0;
2020;9;2;0.065;0.065;
2020;9;3;0.001;0.001;
2020;9;4;0.015;0.015;
2020;9;5;0.012;0.012;
2020;9;6;0.224;0.224;
2020;9;7;0.113;0.113;
2020;9;8;0.137;0.137;
2020;9;9;0.069;0.069;
2020;9;10;0.0;0.0;
2020;9;11;0.0;0.0;
2020;9;12;0.0;0.0;
2020;9;13;0.0;0.0;
2020;9;14;0.0;0.0;
2020;9;15;0.0;0.0;
2020;9;16;0.0;0.0;
2020;9;17;0.0;0.0;
2020;9;18;0.0;0.0;
2020;9;19;0.0;0.0;
2020;9;20;0.0;0.0;
2020;9;21;0.0;0.0;
2020;9;22;0.0;0.0;
2020;9;23;0.0;0.0;
2020;9;24;0.0;0.0;
2020;9;25;0.408;0.408;
2020;9;26;0.0;0.0;
2020;9;27;0.0;0.0;
2020;9;28;0.0;0.0;
2020;9;29;0.0;0.0;
2020;9;30;2.478;2.478;
2020;10;1;0.274;0.274;
2020;10;2;0.382;0.382;
2020;10;3;0.0;0.0;
2020;10;4;0.0;0.0;
2020;10;5;0.0;0.0;
2020;10;6;0.0;0.0;
2020;10;7;0.0;0.0;
2020;10;8;0.0;0.0;
2020;10;9;0.0;0.0;
2020;10;10;0.0;0.0;
2020;10;11;0.0;0.0;
2020;10;12;0.0;0.0;
2020;10;13;0.0;0.0;
2020;10;14;0.0;0.0;
2020;10;15;0.0;0.0;
2020;10;16;1.097;1.097;
2020;10;17;1.211;1.211;
2020;10;18;1.568;1.568;
2020;10;19;1.539;1.539;
2020;10;20;1.542;1.542;
2020;10;21;5.581;5.581;
2020;10;22;5.882;5.882;
2020;10;23;0.11;0.11;
2020;10;24;0.082;0.082;
2020;10;25;0.246;0.246;
2020;10;26;2.064;2.064;
2020;10;27;0.017;0.017;
2020;10;28;0.0;0.0;
2020;10;29;0.0;0.0;
2020;10;30;0.726;0.726;
2020;10;31;0.001;0.001;
2020;11;1;;;
2020;11;2;;;
2020;11;3;;;
2020;11;4;;;
2020;11;5;;;
2020;11;6;;;
2020;11;7;;;
2020;11;8;;;
2020;11;9;;;
2020;11;10;;;
2020;11;11;;;
2020;11;12;;;
2020;11;13;;;
2020;11;14;;;
2020;11;15;;;
2020;11;16;;;
2020;11;17;;;
2020;11;18;;;
2020;11;19;;;
2020;11;20;;;
2020;11;21;;;
2020;11;22;;;
2020;11;23;;;
2020;11;24;;;
2020;11;25;;;
2020;11;26;;;
2020;11;27;;;
2020;11;28;;;
2020;11;29;;;
2020;11;30;;;
2020;12;1;;;
2020;12;2;;;
2020;12;3;;;
2020;12;4;;;
2020;12;5;;;
2020;12;6;;;
2020;12;7;;;
2020;12;8;;;
2020;12;9;;;
2020;12;10;;;
2020;12;11;;;
2020;12;12;;;
2020;12;13;;;
2020;12;14;;;
2020;12;15;;;
2020;12;16;;;
2020;12;17;;;
2020;12;18;;;
2020;12;19;;;
2020;12;20;;;
2020;12;21;;;
2020;12;22;;;
2020;12;23;;;
2020;12;24;;;
2020;12;25;;;
2020;12;26;;;
2020;12;27;;;
2020;12;28;;;
2020;12;29;;;
2020;12;30;;;
2020;12;31;;;
2021;1;1;;;
2021;1;2;;;
2021;1;3;;;
2021;1;4;;;
2021;1;5;;;
2021;1;6;;;
2021;1;7;;;
2021;1;8;;;
2021;1;9;;;
2021;1;10;;;
2021;1;11;;;
2021;1;12;;;
2021;1;13;;;
2021;1;14;;;
2021;1;15;;;
2021;1;16;;;
2021;1;17;;;
2021;1;18;;;
2021;1;19;;;
2021;1;20;;;
2021;1;21;;;
2021;1;22;;;
2021;1;23;;;
2021;1;24;;;
2021;1;25;;;
2021;1;26;;;
2021;1;27;;;
2021;1;28;;;
2021;1;29;;;
2021;1;30;;;
2021;1;31;;;
2021;2;1;1.035;1.035;
2021;2;2;1.711;1.711;
2021;2;3;28.248;28.248;
2021;2;4;30.253;30.253;
2021;2;5;58.836;58.836;
2021;2;6;59.128;59.128;
2021;2;7;57.621;57.621;
2021;2;8;59.065;59.065;
2021;2;9;59.648;59.648;
2021;2;10;56.356;56.356;
2021;2;11;55.629;55.629;
2021;2;12;20.174;20.174;
2021;2;13;8.719;8.719;
2021;2;14;6.447;6.447;
2021;2;15;6.378;6.378;
2021;2;16;5.743;5.743;
2021;2;17;3.586;3.586;
2021;2;18;3.758;3.758;
2021;2;19;3.205;3.205;
2021;2;20;2.309;2.309;
2021;2;21;2.284;2.284;
2021;2;22;2.14;2.14;
2021;2;23;2.032;2.032;
2021;2;24;1.805;1.805;
2021;2;25;1.502;1.502;
2021;2;26;1.438;1.438;
2021;2;27;1.436;1.436;
2021;2;28;1.62;1.62;
2021;3;1;0.856;0.856;
2021;3;2;0.867;0.867;
2021;3;3;1.943;1.943;
2021;3;4;1.919;1.919;
2021;3;5;2.289;2.289;
2021;3;6;0.718;0.718;
2021;3;7;0.63;0.63;
2021;3;8;0.001;0.001;
2021;3;9;0.001;0.001;
2021;3;10;0.001;0.001;
2021;3;11;0.026;0.026;
2021;3;12;0.008;0.008;
2021;3;13;0.03;0.03;
2021;3;14;0.011;0.011;
2021;3;15;0.024;0.024;
2021;3;16;0.015;0.015;
2021;3;17;0.007;0.007;
2021;3;18;9.742;9.742;
2021;3;19;25.996;25.996;
2021;3;20;25.385;25.385;
2021;3;21;14.332;14.332;
2021;3;22;26.581;26.581;
2021;3;23;58.073;58.073;
2021;3;24;64.182;64.182;
2021;3;25;64.211;64.211;
2021;3;26;57.721;57.721;
2021;3;27;54.17;54.17;
2021;3;28;53.821;53.821;
2021;3;29;53.645;53.645;
2021;3;30;44.394;44.394;
2021;3;31;37.778;37.778;
2021;4;1;9.359;9.359;
2021;4;2;6.282;6.282;
2021;4;3;16.821;16.821;
2021;4;4;9.609;9.609;
2021;4;5;6.097;6.097;
2021;4;6;1.274;1.274;
2021;4;7;0.0;0.0;
2021;4;8;13.065;13.065;
2021;4;9;11.872;11.872;
2021;4;10;3.782;3.782;
2021;4;11;28.358;28.358;
2021;4;12;56.825;56.825;
2021;4;13;30.43;30.43;
2021;4;14;1.755;1.755;
2021;4;15;0.0;0.0;
2021;4;16;0.0;0.0;
2021;4;17;0.0;0.0;
2021;4;18;0.0;0.0;
2021;4;19;0.0;0.0;
2021;4;20;0.0;0.0;
2021;4;21;0.0;0.0;
2021;4;22;0.0;0.0;
2021;4;23;0.0;0.0;
2021;4;24;0.0;0.0;
2021;4;25;0.0;0.0;
2021;4;26;0.002;0.002;
2021;4;27;20.148;20.148;
2021;4;28;0.002;0.002;
2021;4;29;0.001;0.001;
2021;4;30;0.0;0.0;
2021;5;1;0.0;0.0;
2021;5;2;0.0;0.0;
2021;5;3;0.0;0.0;
2021;5;4;0.0;0.0;
2021;5;5;0.0;0.0;
2021;5;6;0.0;0.0;
2021;5;7;0.0;0.0;
2021;5;8;0.0;0.0;
2021;5;9;0.0;0.0;
2021;5;10;0.0;0.0;
2021;5;11;0.0;0.0;
2021;5;12;0.0;0.0;
2021;5;13;0.0;0.0;
2021;5;14;0.0;0.0;
2021;5;15;0.636;0.636;
2021;5;16;0.026;0.026;
2021;5;17;0.068;0.068;
2021;5;18;0.223;0.223;
2021;5;19;0.161;0.161;
2021;5;20;0.144;0.144;
2021;5;21;0.155;0.155;
2021;5;22;0.227;0.227;
2021;5;23;0.23;0.23;
2021;5;24;0.179;0.179;
2021;5;25;0.131;0.131;
2021;5;26;0.009;0.009;
2021;5;27;0.095;0.095;
2021;5;28;0.223;0.223;
2021;5;29;2.665;2.665;
2021;5;30;4.043;4.043;
2021;5;31;7.597;7.597;
2021;6;1;4.583;4.583;
2021;6;2;9.133;9.133;
2021;6;3;6.292;6.292;
2021;6;4;11.33;11.33;
2021;6;5;11.376;11.376;
2021;6;6;14.789;14.789;
2021;6;7;15.013;15.013;
2021;6;8;15.534;15.534;
2021;6;9;11.714;11.714;
2021;6;10;14.696;14.696;
2021;6;11;3.616;3.616;
2021;6;12;7.971;7.971;
2021;6;13;6.596;6.596;
2021;6;14;6.162;6.162;
2021;6;15;0.029;0.029;
2021;6;16;0.013;0.013;
2021;6;17;0.0;0.0;
2021;6;18;0.0;0.0;
2021;6;19;0.0;0.0;
2021;6;20;0.0;0.0;
2021;6;21;0.0;0.0;
2021;6;22;0.0;0.0;
2021;6;23;0.0;0.0;
2021;6;24;0.0;0.0;
2021;6;25;0.0;0.0;
2021;6;26;0.0;0.0;
2021;6;27;0.0;0.0;
2021;6;28;0.0;0.0;
2021;6;29;0.0;0.0;
2021;6;30;0.0;0.0;
2021;7;1;0.0;0.0;
2021;7;2;0.0;0.0;
2021;7;3;0.0;0.0;
2021;7;4;0.0;0.0;
2021;7;5;0.0;0.0;
2021;7;6;0.0;0.0;
2021;7;7;0.0;0.0;
2021;7;8;0.0;0.0;
2021;7;9;0.0;0.0;
2021;7;10;0.0;0.0;
2021;7;11;0.0;0.0;
2021;7;12;0.0;0.0;
2021;7;13;0.0;0.0;
2021;7;14;0.0;0.0;
2021;7;15;0.0;0.0;
2021;7;16;0.0;0.0;
2021;7;17;0.0;0.0;
2021;7;18;0.0;0.0;
2021;7;19;0.0;0.0;
2021;7;20;0.0;0.0;
2021;7;21;0.0;0.0;
2021;7;22;0.0;0.0;
2021;7;23;0.0;0.0;
2021;7;24;0.0;0.0;
2021;7;25;0.0;0.0;
2021;7;26;0.046;0.046;
2021;7;27;0.846;0.846;
2021;7;28;0.759;0.759;
2021;7;29;0.973;0.973;
2021;7;30;0.878;0.878;
2021;7;31;0.103;0.103;
2021;8;1;0.054;0.054;
2021;8;2;0.001;0.001;
2021;8;3;0.0;0.0;
2021;8;4;0.0;0.0;
2021;8;5;0.0;0.0;
2021;8;6;0.0;0.0;
2021;8;7;0.0;0.0;
2021;8;8;0.0;0.0;
2021;8;9;0.0;0.0;
2021;8;10;0.0;0.0;
2021;8;11;0.0;0.0;
2021;8;12;0.0;0.0;
2021;8;13;0.0;0.0;
2021;8;14;0.0;0.0;
2021;8;15;0.0;0.0;
2021;8;16;0.0;0.0;
2021;8;17;0.0;0.0;
2021;8;18;0.0;0.0;
2021;8;19;0.0;0.0;
2021;8;20;0.0;0.0;
2021;8;21;0.0;0.0;
2021;8;22;0.157;0.157;
2021;8;23;0.0;0.0;
2021;8;24;0.0;0.0;
2021;8;25;0.0;0.0;
2021;8;26;0.0;0.0;
2021;8;27;0.0;0.0;
2021;8;28;0.0;0.0;
2021;8;29;0.0;0.0;
2021;8;30;0.0;0.0;
2021;8;31;0.0;0.0;
2021;9;1;0.0;0.0;
2021;9;2;0.0;0.0;
2021;9;3;0.0;0.0;
2021;9;4;0.0;0.0;
2021;9;5;0.0;0.0;
2021;9;6;0.0;0.0;
2021;9;7;0.0;0.0;
2021;9;8;0.0;0.0;
2021;9;9;0.0;0.0;
2021;9;10;0.0;0.0;
2021;9;11;0.0;0.0;
2021;9;12;0.0;0.0;
2021;9;13;0.0;0.0;
2021;9;14;0.0;0.0;
2021;9;15;1.666;1.666;
2021;9;16;1.889;1.889;
2021;9;17;2.234;2.234;
2021;9;18;2.405;2.405;
2021;9;19;1.802;1.802;
2021;9;20;3.256;3.256;
2021;9;21;1.99;1.99;
2021;9;22;;;
2021;9;23;;;
2021;9;24;4.477;4.477;
2021;9;25;19.341;19.341;
2021;9;26;36.495;36.495;
2021;9;27;35.822;35.822;
2021;9;28;;;
2021;9;29;;;
2021;9;30;;;
2021;10;1;;;
2021;10;2;;;
2021;10;3;;;
2021;10;4;;;
2021;10;5;;;
2021;10;6;;;
2021;10;7;;;
2021;10;8;;;
2021;10;9;;;
2021;10;10;;;
2021;10;11;;;
2021;10;12;;;
2021;10;13;;;
2021;10;14;;;
2021;10;15;;;
2021;10;16;;;
2021;10;17;;;
2021;10;18;;;
2021;10;19;;;
2021;10;20;;;
2021;10;21;;;
2021;10;22;;;
2021;10;23;;;
2021;10;24;;;
2021;10;25;;;
2021;10;26;;;
2021;10;27;;;
2021;10;28;;;
2021;10;29;;;
2021;10;30;;;
2021;10;31;;;
2021;11;1;;;
2021;11;2;;;
2021;11;3;;;
2021;11;4;;;
2021;11;5;;;
2021;11;6;;;
2021;11;7;;;
2021;11;8;;;
2021;11;9;;;
2021;11;10;;;
2021;11;11;;;
2021;11;12;;;
2021;11;13;;;
2021;11;14;;;
2021;11;15;;;
2021;11;16;;;
2021;11;17;;;
2021;11;18;;;
2021;11;19;;;
2021;11;20;;;
2021;11;21;;;
2021;11;22;;;
2021;11;23;;;
2021;11;24;;;
2021;11;25;;;
2021;11;26;;;
2021;11;27;;;
2021;11;28;;;
2021;11;29;;;
2021;11;30;;;
2021;12;1;;;
2021;12;2;;;
2021;12;3;;;
2021;12;4;;;
2021;12;5;;;
2021;12;6;;;
2021;12;7;;;
2021;12;8;;;
2021;12;9;;;
2021;12;10;;;
2021;12;11;;;
2021;12;12;;;
2021;12;13;;;
2021;12;14;;;
2021;12;15;;;
2021;12;16;;;
2021;12;17;;;
2021;12;18;;;
2021;12;19;;;
2021;12;20;;;
2021;12;21;;;
2021;12;22;;;
2021;12;23;;;
2021;12;24;;;
2021;12;25;;;
2021;12;26;;;
2021;12;27;;;
2021;12;28;;;
2021;12;29;;;
2021;12;30;;;
2021;12;31;;;
2022;1;1;;;
2022;1;2;;;
2022;1;3;;;
2022;1;4;;;
2022;1;5;;;
2022;1;6;;;
2022;1;7;;;
2022;1;8;;;
2022;1;9;;;
2022;1;10;;;
2022;1;11;;;
2022;1;12;;;
2022;1;13;;;
2022;1;14;;;
2022;1;15;;;
2022;1;16;28.211;28.211;
2022;1;17;27.939;27.939;
2022;1;18;28.354;28.354;
2022;1;19;28.373;28.373;
2022;1;20;27.008;27.008;
2022;1;21;24.951;24.951;
2022;1;22;25.269;25.269;
2022;1;23;24.777;24.777;
2022;1;24;26.742;26.742;
2022;1;25;20.237;20.237;
2022;1;26;20.033;20.033;
2022;1;27;27.092;27.092;
2022;1;28;29.267;29.267;
2022;1;29;46.559;46.559;
2022;1;30;57.634;57.634;
2022;1;31;58.151;58.151;
2022;2;1;58.548;58.548;
2022;2;2;56.767;56.767;
2022;2;3;64.614;64.614;
2022;2;4;61.938;61.938;
2022;2;5;65.702;65.702;
2022;2;6;65.145;65.145;
2022;2;7;63.134;63.134;
2022;2;8;63.102;63.102;
2022;2;9;56.981;56.981;
2022;2;10;68.37;68.37;
2022;2;11;66.789;66.789;
2022;2;12;69.404;69.404;
2022;2;13;79.037;79.037;
2022;2;14;79.098;79.098;
2022;2;15;79.062;79.062;
2022;2;16;80.365;80.365;
2022;2;17;77.735;77.735;
2022;2;18;80.016;80.016;
2022;2;19;79.981;79.981;
2022;2;20;79.9;79.9;
2022;2;21;79.879;79.879;
2022;2;22;79.915;79.915;
2022;2;23;80.016;80.016;
2022;2;24;59.6;59.6;
2022;2;25;59.591;59.591;
2022;2;26;69.787;69.787;
2022;2;27;68.791;68.791;
2022;2;28;68.812;68.812;
2022;3;1;62.282;62.282;
2022;3;2;64.944;64.944;
2022;3;3;69.395;69.395;
2022;3;4;61.5;61.5;
2022;3;5;61.462;61.462;
2022;3;6;61.363;61.363;
2022;3;7;59.124;59.124;
2022;3;8;59.068;59.068;
2022;3;9;53.815;53.815;
2022;3;10;51.846;51.846;
2022;3;11;52.098;52.098;
2022;3;12;52.504;52.504;
2022;3;13;58.873;58.873;
2022;3;14;58.962;58.962;
2022;3;15;54.396;54.396;
2022;3;16;55.735;55.735;
2022;3;17;55.855;55.855;
2022;3;18;55.975;55.975;
2022;3;19;54.833;54.833;
2022;3;20;51.343;51.343;
2022;3;21;54.004;54.004;
2022;3;22;41.812;41.812;
2022;3;23;15.156;15.156;
2022;3;24;13.223;13.223;
2022;3;25;14.889;14.889;
2022;3;26;12.406;12.406;
2022;3;27;13.064;13.064;
2022;3;28;12.749;12.749;
2022;3;29;12.29;12.29;
2022;3;30;1.926;1.926;
2022;3;31;7.532;7.532;
2022;4;1;1.968;1.968;
2022;4;2;0.397;0.397;
2022;4;3;0.376;0.376;
2022;4;4;0.384;0.384;
2022;4;5;0.383;0.383;
2022;4;6;0.023;0.023;
2022;4;7;0.0;0.0;
2022;4;8;0.0;0.0;
2022;4;9;0.0;0.0;
2022;4;10;0.0;0.0;
2022;4;11;0.0;0.0;
2022;4;12;0.009;0.009;
2022;4;13;62.21;62.21;
2022;4;14;53.019;53.019;
2022;4;15;22.731;22.731;
2022;4;16;0.824;0.824;
2022;4;17;0.001;0.001;
2022;4;18;0.581;0.581;
2022;4;19;0.0;0.0;
2022;4;20;0.0;0.0;
2022;4;21;0.0;0.0;
2022;4;22;0.0;0.0;
2022;4;23;0.0;0.0;
2022;4;24;0.0;0.0;
2022;4;25;0.0;0.0;
2022;4;26;0.0;0.0;
2022;4;27;0.0;0.0;
2022;4;28;0.0;0.0;
2022;4;29;0.0;0.0;
2022;4;30;0.0;0.0;
2022;5;1;0.0;0.0;
2022;5;2;0.0;0.0;
2022;5;3;0.0;0.0;
2022;5;4;0.0;0.0;
2022;5;5;0.0;0.0;
2022;5;6;0.0;0.0;
2022;5;7;0.0;0.0;
2022;5;8;0.0;0.0;
2022;5;9;0.0;0.0;
2022;5;10;0.0;0.0;
2022;5;11;0.0;0.0;
2022;5;12;0.004;0.004;
2022;5;13;0.004;0.004;
2022;5;14;0.003;0.003;
2022;5;15;0.0;0.0;
2022;5;16;0.729;0.729;
2022;5;17;0.0;0.0;
2022;5;18;0.0;0.0;
2022;5;19;0.0;0.0;
2022;5;20;0.0;0.0;
2022;5;21;0.0;0.0;
2022;5;22;0.0;0.0;
2022;5;23;0.0;0.0;
2022;5;24;0.0;0.0;
2022;5;25;0.0;0.0;
2022;5;26;0.0;0.0;
2022;5;27;0.0;0.0;
2022;5;28;0.0;0.0;
2022;5;29;0.0;0.0;
2022;5;30;0.0;0.0;
2022;5;31;0.0;0.0;
2022;6;1;0.0;0.0;
2022;6;2;0.0;0.0;
2022;6;3;0.0;0.0;
2022;6;4;0.0;0.0;
2022;6;5;0.025;0.025;
2022;6;6;0.0;0.0;
2022;6;7;0.0;0.0;
2022;6;8;0.0;0.0;
2022;6;9;0.0;0.0;
2022;6;10;7.339;7.339;
2022;6;11;0.0;0.0;
2022;6;12;0.0;0.0;
2022;6;13;0.0;0.0;
2022;6;14;0.0;0.0;
2022;6;15;0.301;0.301;
2022;6;16;0.34;0.34;
2022;6;17;0.0;0.0;
2022;6;18;0.0;0.0;
2022;6;19;0.003;0.003;
2022;6;20;0.0;0.0;
2022;6;21;0.0;0.0;
2022;6;22;0.0;0.0;
2022;6;23;0.0;0.0;
2022;6;24;0.0;0.0;
2022;6;25;0.0;0.0;
2022;6;26;0.0;0.0;
2022;6;27;0.0;0.0;
2022;6;28;0.0;0.0;
2022;6;29;0.0;0.0;
2022;6;30;0.0;0.0;
2022;7;1;0.048;0.048;
2022;7;2;0.214;0.214;
2022;7;3;0.0;0.0;
2022;7;4;0.0;0.0;
2022;7;5;0.0;0.0;
2022;7;6;0.0;0.0;
2022;7;7;0.0;0.0;
2022;7;8;0.0;0.0;
2022;7;9;0.0;0.0;
2022;7;10;0.0;0.0;
2022;7;11;0.0;0.0;
2022;7;12;0.0;0.0;
2022;7;13;0.0;0.0;
2022;7;14;0.0;0.0;
2022;7;15;0.0;0.0;
2022;7;16;0.0;0.0;
2022;7;17;0.0;0.0;
2022;7;18;0.0;0.0;
2022;7;19;0.001;0.001;
2022;7;20;0.002;0.002;
2022;7;21;0.001;0.001;
2022;7;22;0.001;0.001;
2022;7;23;0.001;0.001;
2022;7;24;0.001;0.001;
2022;7;25;0.0;0.0;
2022;7;26;0.135;0.135;
2022;7;27;0.003;0.003;
2022;7;28;;;
2022;7;29;0.007;0.007;
2022;7;30;0.001;0.001;
2022;7;31;0.0;0.0;
2022;8;1;0.0;0.0;
2022;8;2;0.0;0.0;
2022;8;3;0.0;0.0;
2022;8;4;0.0;0.0;
2022;8;5;0.0;0.0;
2022;8;6;0.0;0.0;
2022;8;7;0.0;0.0;
2022;8;8;0.0;0.0;
2022;8;9;0.0;0.0;
2022;8;10;0.0;0.0;
2022;8;11;0.0;0.0;
2022;8;12;0.0;0.0;
2022;8;13;0.0;0.0;
2022;8;14;0.0;0.0;
2022;8;15;0.0;0.0;
2022;8;16;0.0;0.0;
2022;8;17;0.0;0.0;
2022;8;18;0.0;0.0;
2022;8;19;0.0;0.0;
2022;8;20;0.0;0.0;
2022;8;21;0.0;0.0;
2022;8;22;0.0;0.0;
2022;8;23;0.0;0.0;
2022;8;24;0.0;0.0;
2022;8;25;0.0;0.0;
2022;8;26;0.0;0.0;
2022;8;27;0.0;0.0;
2022;8;28;0.0;0.0;
2022;8;29;0.0;0.0;
2022;8;30;0.0;0.0;
2022;8;31;0.0;0.0;
2022;9;1;0.0;0.0;
2022;9;2;0.0;0.0;
2022;9;3;0.0;0.0;
2022;9;4;0.0;0.0;
2022;9;5;0.0;0.0;
2022;9;6;0.0;0.0;
2022;9;7;0.0;0.0;
2022;9;8;0.0;0.0;
2022;9;9;0.0;0.0;
2022;9;10;0.0;0.0;
2022;9;11;0.0;0.0;
2022;9;12;0.0;0.0;
2022;9;13;0.0;0.0;
2022;9;14;0.0;0.0;
2022;9;15;0.0;0.0;
2022;9;16;0.0;0.0;
2022;9;17;0.0;0.0;
2022;9;18;0.0;0.0;
2022;9;19;0.0;0.0;
2022;9;20;0.0;0.0;
2022;9;21;0.0;0.0;
2022;9;22;0.0;0.0;
2022;9;23;0.0;0.0;
2022;9;24;0.0;0.0;
2022;9;25;0.0;0.0;
2022;9;26;0.0;0.0;
2022;9;27;0.0;0.0;
2022;9;28;0.0;0.0;
2022;9;29;0.0;0.0;
2022;9;30;0.0;0.0;
2022;10;1;0.0;0.0;
2022;10;2;0.0;0.0;
2022;10;3;0.0;0.0;
2022;10;4;0.0;0.0;
2022;10;5;0.0;0.0;
2022;10;6;0.0;0.0;
2022;10;7;0.0;0.0;
2022;10;8;0.0;0.0;
2022;10;9;0.0;0.0;
2022;10;10;0.0;0.0;
2022;10;11;;;
2022;10;12;;;
2022;10;13;;;
2022;10;14;;;
2022;10;15;;;
2022;10;16;;;
2022;10;17;;;
2022;10;18;;;
2022;10;19;;;
2022;10;20;;;
2022;10;21;;;
2022;10;22;;;
2022;10;23;;;
2022;10;24;14.352;14.352;
2022;10;25;8.388;8.388;
2022;10;26;8.147;8.147;
2022;10;27;8.29;8.29;
2022;10;28;10.164;10.164;
2022;10;29;6.913;6.913;
2022;10;30;8.58;8.58;
2022;10;31;8.781;8.781;
2022;11;1;9.919;9.919;
2022;11;2;9.967;9.967;
2022;11;3;12.847;12.847;
2022;11;4;24.208;24.208;
2022;11;5;23.066;23.066;
2022;11;6;20.113;20.113;
2022;11;7;20.789;20.789;
2022;11;8;20.821;20.821;
2022;11;9;24.812;24.812;
2022;11;10;31.727;31.727;
2022;11;11;39.271;39.271;
2022;11;12;40.881;40.881;
2022;11;13;26.947;26.947;
2022;11;14;37.151;37.151;
2022;11;15;25.274;25.274;
2022;11;16;25.25;25.25;
2022;11;17;27.174;27.174;
2022;11;18;18.867;18.867;
2022;11;19;24.874;24.874;
2022;11;20;20.298;20.298;
2022;11;21;21.043;21.043;
2022;11;22;21.038;21.038;
2022;11;23;20.501;20.501;
2022;11;24;22.905;22.905;
2022;11;25;21.613;21.613;
2022;11;26;22.549;22.549;
2022;11;27;22.233;22.233;
2022;11;28;22.355;22.355;
2022;11;29;22.205;22.205;
2022;11;30;22.188;22.188;
2022;12;1;;;
2022;12;2;;;
2022;12;3;;;
2022;12;4;;;
2022;12;5;;;
2022;12;6;;;
2022;12;7;;;
2022;12;8;;;
2022;12;9;;;
2022;12;10;;;
2022;12;11;;;
2022;12;12;;;
2022;12;13;;;
2022;12;14;;;
2022;12;15;;;
2022;12;16;;;
2022;12;17;;;
2022;12;18;;;
2022;12;19;;;
2022;12;20;;;
2022;12;21;;;
2022;12;22;;;
2022;12;23;;;
2022;12;24;;;
2022;12;25;;;
2022;12;26;;;
2022;12;27;;;
2022;12;28;;;
2022;12;29;;;
2022;12;30;;;
2022;12;31;;;
2023;1;1;;;
2023;1;2;;;
2023;1;3;;;
2023;1;4;;;
2023;1;5;;;
2023;1;6;;;
2023;1;7;;;
2023;1;8;;;
2023;1;9;;;
2023;1;10;70.274;70.274;
2023;1;11;70.274;70.274;
2023;1;12;70.11;70.11;
2023;1;13;69.67;69.67;
2023;1;14;69.573;69.573;
2023;1;15;70.177;70.177;
2023;1;16;69.605;69.605;
2023;1;17;71.589;71.589;
2023;1;18;70.183;70.183;
2023;1;19;70.588;70.588;
2023;1;20;70.604;70.604;
2023;1;21;71.443;71.443;
2023;1;22;73.137;73.137;
2023;1;23;74.855;74.855;
2023;1;24;64.236;64.236;
2023;1;25;65.1;65.1;
2023;1;26;64.337;64.337;
2023;1;27;61.059;61.059;
2023;1;28;62.031;62.031;
2023;1;29;62.224;62.224;
2023;1;30;61.987;61.987;
2023;1;31;61.222;61.222;
2023;2;1;59.643;59.643;
2023;2;2;59.488;59.488;
2023;2;3;59.526;59.526;
2023;2;4;63.668;63.668;
2023;2;5;63.683;63.683;
2023;2;6;63.315;63.315;
2023;2;7;64.796;64.796;
2023;2;8;64.861;64.861;
2023;2;9;67.952;67.952;
2023;2;10;64.957;64.957;
2023;2;11;64.56;64.56;
2023;2;12;67.768;67.768;
2023;2;13;68.372;68.372;
2023;2;14;68.308;68.308;
2023;2;15;72.224;72.224;
2023;2;16;75.087;75.087;
2023;2;17;73.193;73.193;
2023;2;18;82.037;82.037;
2023;2;19;81.476;81.476;
2023;2;20;83.984;83.984;
2023;2;21;80.638;80.638;
2023;2;22;86.317;86.317;
2023;2;23;89.871;89.871;
2023;2;24;87.568;87.568;
2023;2;25;87.691;87.691;
2023;2;26;61.08;61.08;
2023;2;27;59.553;59.553;
2023;2;28;57.891;57.891;
2023;3;1;44.823;44.823;
2023;3;2;;;
2023;3;3;;;
2023;3;4;42.759;42.759;
2023;3;5;27.718;27.718;
2023;3;6;20.98;20.98;
2023;3;7;13.629;13.629;
2023;3;8;10.081;10.081;
2023;3;9;10.321;10.321;
2023;3;10;6.022;6.022;
2023;3;11;5.27;5.27;
2023;3;12;3.852;3.852;
2023;3;13;3.944;3.944;
2023;3;14;3.05;3.05;
2023;3;15;3.181;3.181;
2023;3;16;3.027;3.027;
2023;3;17;2.363;2.363;
2023;3;18;3.387;3.387;
2023;3;19;41.024;41.024;
2023;3;20;62.991;62.991;
2023;3;21;62.557;62.557;
2023;3;22;69.161;69.161;
2023;3;23;69.193;69.193;
2023;3;24;77.887;77.887;
2023;3;25;77.887;77.887;
2023;3;26;71.282;71.282;
2023;3;27;72.04;72.04;
2023;3;28;73.135;73.135;
2023;3;29;73.056;73.056;
2023;3;30;70.62;70.62;
2023;3;31;69.499;69.499;
2023;4;1;37.349;37.349;
2023;4;2;20.399;20.399;
2023;4;3;6.807;6.807;
2023;4;4;6.821;6.821;
2023;4;5;7.547;7.547;
2023;4;6;7.565;7.565;
2023;4;7;6.473;6.473;
2023;4;8;4.261;4.261;
2023;4;9;3.917;3.917;
2023;4;10;0.783;0.783;
2023;4;11;0.815;0.815;
2023;4;12;0.839;0.839;
2023;4;13;0.047;0.047;
2023;4;14;0.0;0.0;
2023;4;15;0.0;0.0;
2023;4;16;0.0;0.0;
2023;4;17;0.0;0.0;
2023;4;18;0.0;0.0;
2023;4;19;0.0;0.0;
2023;4;20;0.0;0.0;
2023;4;21;0.0;0.0;
2023;4;22;0.0;0.0;
2023;4;23;0.0;0.0;
2023;4;24;0.0;0.0;
2023;4;25;0.0;0.0;
2023;4;26;0.394;0.394;
2023;4;27;68.174;68.174;
2023;4;28;68.194;68.194;
2023;4;29;66.565;66.565;
2023;4;30;67.517;67.517;
2023;5;1;66.137;66.137;
2023;5;2;;;
2023;5;3;;;
2023;5;4;66.75;66.75;
2023;5;5;6.324;6.324;
2023;5;6;5.337;5.337;
2023;5;7;6.2;6.2;
2023;5;8;3.993;3.993;
2023;5;9;5.549;5.549;
2023;5;10;33.628;33.628;
2023;5;11;32.066;32.066;
2023;5;12;28.123;28.123;
2023;5;13;33.869;33.869;
2023;5;14;20.513;20.513;
2023;5;15;21.949;21.949;
2023;5;16;22.246;22.246;
2023;5;17;23.96;23.96;
2023;5;18;23.61;23.61;
2023;5;19;4.598;4.598;
2023;5;20;4.619;4.619;
2023;5;21;3.453;3.453;
2023;5;22;3.11;3.11;
2023;5;23;3.279;3.279;
2023;5;24;3.873;3.873;
2023;5;25;3.246;3.246;
2023;5;26;0.0;0.0;
2023;5;27;0.0;0.0;
2023;5;28;0.0;0.0;
2023;5;29;0.0;0.0;
2023;5;30;0.0;0.0;
2023;5;31;0.0;0.0;
2023;6;1;0.0;0.0;
2023;6;2;0.0;0.0;
2023;6;3;0.0;0.0;
2023;6;4;0.0;0.0;
2023;6;5;;;
2023;6;6;0.0;0.0;
2023;6;7;0.0;0.0;
2023;6;8;0.0;0.0;
2023;6;9;0.0;0.0;
2023;6;10;0.0;0.0;
2023;6;11;0.0;0.0;
2023;6;12;0.0;0.0;
2023;6;13;0.0;0.0;
2023;6;14;0.0;0.0;
2023;6;15;0.0;0.0;
2023;6;16;0.0;0.0;
2023;6;17;0.0;0.0;
2023;6;18;0.0;0.0;
2023;6;19;0.0;0.0;
2023;6;20;0.0;0.0;
2023;6;21;0.0;0.0;
2023;6;22;0.0;0.0;
2023;6;23;20.45;20.45;
2023;6;24;18.755;18.755;
2023;6;25;17.803;17.803;
2023;6;26;0.107;0.107;
2023;6;27;0.0;0.0;
2023;6;28;0.0;0.0;
2023;6;29;0.0;0.0;
2023;6;30;;;
2023;7;1;0.0;0.0;
2023;7;2;0.0;0.0;
2023;7;3;0.0;0.0;
2023;7;4;0.0;0.0;
2023;7;5;0.0;0.0;
2023;7;6;0.0;0.0;
2023;7;7;0.0;0.0;
2023;7;8;;;
2023;7;9;0.0;0.0;
2023;7;10;0.0;0.0;
2023;7;11;0.0;0.0;
2023;7;12;0.0;0.0;
2023;7;13;0.0;0.0;
2023;7;14;0.0;0.0;
2023;7;15;;;
2023;7;16;0.0;0.0;
2023;7;17;0.0;0.0;
2023;7;18;0.0;0.0;
2023;7;19;0.355;0.355;
2023;7;20;0.0;0.0;
2023;7;21;0.0;0.0;
2023;7;22;0.0;0.0;
2023;7;23;0.0;0.0;
2023;7;24;0.369;0.369;
2023;7;25;0.003;0.003;
2023;7;26;0.449;0.449;
2023;7;27;0.358;0.358;
2023;7;28;0.0;0.0;
2023;7;29;0.0;0.0;
2023;7;30;0.0;0.0;
2023;7;31;0.0;0.0;
2023;8;1;0.0;0.0;
2023;8;2;0.0;0.0;
2023;8;3;0.0;0.0;
2023;8;4;0.0;0.0;
2023;8;5;0.0;0.0;
2023;8;6;0.0;0.0;
2023;8;7;0.0;0.0;
2023;8;8;0.0;0.0;
2023;8;9;0.0;0.0;
2023;8;10;0.0;0.0;
2023;8;11;0.0;0.0;
2023;8;12;0.0;0.0;
2023;8;13;0.0;0.0;
2023;8;14;0.0;0.0;
2023;8;15;0.0;0.0;
2023;8;16;0.0;0.0;
2023;8;17;;;
2023;8;18;0.0;0.0;
2023;8;19;0.0;0.0;
2023;8;20;0.0;0.0;
2023;8;21;0.0;0.0;
2023;8;22;0.0;0.0;
2023;8;23;0.0;0.0;
2023;8;24;0.0;0.0;
2023;8;25;0.0;0.0;
2023;8;26;0.0;0.0;
2023;8;27;0.0;0.0;
2023;8;28;0.0;0.0;
2023;8;29;0.0;0.0;
2023;8;30;0.0;0.0;
2023;8;31;0.0;0.0;
2023;9;1;0.0;0.0;
2023;9;2;1.989;1.989;
2023;9;3;;;
2023;9;4;;;
2023;9;5;6.596;6.596;
2023;9;6;0.002;0.002;
2023;9;7;0.0;0.0;
2023;9;8;0.0;0.0;
2023;9;9;0.012;0.012;
2023;9;10;0.0;0.0;
2023;9;11;0.0;0.0;
2023;9;12;0.0;0.0;
2023;9;13;0.0;0.0;
2023;9;14;0.0;0.0;
2023;9;15;0.0;0.0;
2023;9;16;0.0;0.0;
2023;9;17;0.0;0.0;
2023;9;18;3.673;3.673;
2023;9;19;0.395;0.395;
2023;9;20;0.403;0.403;
2023;9;21;0.395;0.395;
2023;9;22;0.395;0.395;
2023;9;23;0.395;0.395;
2023;9;24;0.0;0.0;
2023;9;25;0.0;0.0;
2023;9;26;2.492;2.492;
2023;9;27;32.048;32.048;
2023;9;28;22.87;22.87;
2023;9;29;20.959;20.959;
2023;9;30;21.749;21.749;
2023;10;1;20.251;20.251;
2023;10;2;9.725;9.725;
2023;10;3;5.269;5.269;
2023;10;4;5.187;5.187;
2023;10;5;2.726;2.726;
2023;10;6;2.79;2.79;
2023;10;7;3.709;3.709;
2023;10;8;6.548;6.548;
2023;10;9;5.242;5.242;
2023;10;10;5.613;5.613;
2023;10;11;8.42;8.42;
2023;10;12;7.762;7.762;
2023;10;13;7.034;7.034;
2023;10;14;16.838;16.838;
2023;10;15;3.809;3.809;
2023;10;16;2.161;2.161;
2023;10;17;1.737;1.737;
2023;10;18;0.366;0.366;
2023;10;19;1.629;1.629;
2023;10;20;0.254;0.254;
2023;10;21;0.342;0.342;
2023;10;22;1.936;1.936;
2023;10;23;1.919;1.919;
2023;10;24;1.93;1.93;
2023;10;25;1.93;1.93;
2023;10;26;2.624;2.624;
2023;10;27;4.901;4.901;
2023;10;28;0.204;0.204;
2023;10;29;0.364;0.364;
2023;10;30;0.197;0.197;
2023;10;31;0.403;0.403;
2023;11;1;0.371;0.371;
2023;11;2;3.676;3.676;
2023;11;3;4.169;4.169;
2023;11;4;0.387;0.387;
2023;11;5;4.294;4.294;
2023;11;6;0.076;0.076;
2023;11;7;3.184;3.184;
2023;11;8;0.0;0.0;
2023;11;9;0.0;0.0;
2023;11;10;0.597;0.597;
2023;11;11;0.003;0.003;
2023;11;12;0.412;0.412;
2023;11;13;1.226;1.226;
2023;11;14;5.677;5.677;
2023;11;15;8.338;8.338;
2023;11;16;14.835;14.835;
2023;11;17;12.12;12.12;
2023;11;18;11.658;11.658;
2023;11;19;18.913;18.913;
2023;11;20;27.076;27.076;
2023;11;21;;;
2023;11;22;30.405;30.405;
2023;11;23;41.64;41.64;
2023;11;24;33.744;33.744;
2023;11;25;38.352;38.352;
2023;11;26;39.089;39.089;
2023;11;27;38.381;38.381;
2023;11;28;48.526;48.526;
2023;11;29;24.214;24.214;
2023;11;30;27.876;27.876;
2023;12;1;;;
2023;12;2;20.218;20.218;
2023;12;3;16.825;16.825;
2023;12;4;;;
2023;12;5;;;
2023;12;6;;;
2023;12;7;;;
2023;12;8;;;
2023;12;9;;;
2023;12;10;;;
2023;12;11;;;
2023;12;12;;;
2023;12;13;;;
2023;12;14;;;
2023;12;15;;;
2023;12;16;;;
2023;12;17;;;
2023;12;18;;;
2023;12;19;;;
2023;12;20;;;
2023;12;21;;;
2023;12;22;;;
2023;12;23;;;
2023;12;24;;;
2023;12;25;;;
2023;12;26;;;
2023;12;27;;;
2023;12;28;;;
2023;12;29;;;
2023;12;30;;;
2023;12;31;;;
2024;1;1;;;
2024;1;2;;;
2024;1;3;;;
2024;1;4;;;
2024;1;5;;;
2024;1;6;;;
2024;1;7;;;
2024;1;8;;;
2024;1;9;;;
2024;1;10;;;
2024;1;11;;;
2024;1;12;;;
2024;1;13;;;
2024;1;14;;;
2024;1;15;;;
2024;1;16;;;
2024;1;17;;;
2024;1;18;;;
2024;1;19;;;
2024;1;20;;;
2024;1;21;;;
2024;1;22;;;
2024;1;23;;;
2024;1;24;;;
2024;1;25;71.573;71.573;
2024;1;26;70.315;70.315;
2024;1;27;70.266;70.266;
2024;1;28;65.423;65.423;
2024;1;29;68.498;68.498;
2024;1;30;64.903;64.903;
2024;1;31;67.395;67.395;
2024;2;1;61.464;61.464;
2024;2;2;59.268;59.268;
2024;2;3;59.201;59.201;
2024;2;4;59.406;59.406;
2024;2;5;66.507;66.507;
2024;2;6;66.89;66.89;
2024;2;7;71.169;71.169;
2024;2;8;68.828;68.828;
2024;2;9;;;
2024;2;10;73.817;73.817;
2024;2;11;73.739;73.739;
2024;2;12;74.122;74.122;
2024;2;13;81.677;81.677;
2024;2;14;81.556;81.556;
2024;2;15;79.274;79.274;
2024;2;16;79.734;79.734;
2024;2;17;80.612;80.612;
2024;2;18;80.564;80.564;
2024;2;19;81.612;81.612;
2024;2;20;;;
2024;2;21;75.597;75.597;
2024;2;22;73.484;73.484;
2024;2;23;;;
2024;2;24;69.559;69.559;
2024;2;25;68.589;68.589;
2024;2;26;67.095;67.095;
2024;2;27;63.298;63.298;
2024;2;28;;;
2024;2;29;;;
2024;3;1;;;
2024;3;2;52.823;52.823;
2024;3;3;55.639;55.639;
2024;3;4;45.416;45.416;
2024;3;5;42.74;42.74;
2024;3;6;43.409;43.409;
2024;3;7;42.686;42.686;
2024;3;8;39.267;39.267;
2024;3;9;1.339;1.339;
2024;3;10;4.919;4.919;
2024;3;11;2.242;2.242;
2024;3;12;0.997;0.997;
2024;3;13;0.589;0.589;
2024;3;14;0.69;0.69;
2024;3;15;0.59;0.59;
2024;3;16;2.452;2.452;
2024;3;17;47.642;47.642;
2024;3;18;12.641;12.641;
2024;3;19;22.21;22.21;
2024;3;20;13.188;13.188;
2024;3;21;13.367;13.367;
2024;3;22;12.75;12.75;
2024;3;23;8.722;8.722;
2024;3;24;0.0;0.0;
2024;3;25;0.0;0.0;
2024;3;26;0.0;0.0;
2024;3;27;0.0;0.0;
2024;3;28;0.0;0.0;
2024;3;29;0.0;0.0;
2024;3;30;0.0;0.0;
2024;3;31;0.0;0.0;
2024;4;1;0.0;0.0;
2024;4;2;0.0;0.0;
2024;4;3;0.0;0.0;
2024;4;4;0.0;0.0;
2024;4;5;0.0;0.0;
2024;4;6;0.0;0.0;
2024;4;7;0.0;0.0;
2024;4;8;0.0;0.0;
2024;4;9;0.0;0.0;
2024;4;10;0.0;0.0;
2024;4;11;0.98;0.98;
2024;4;12;2.233;2.233;
2024;4;13;1.448;1.448;
2024;4;14;81.755;81.755;
2024;4;15;62.629;62.629;
2024;4;16;;;
2024;4;17;;;
2024;4;18;52.53;52.53;
2024;4;19;;;
2024;4;20;;;
2024;4;21;4.165;4.165;
2024;4;22;0.0;0.0;
2024;4;23;0.0;0.0;
2024;4;24;0.0;0.0;
2024;4;25;0.0;0.0;
2024;4;26;0.0;0.0;
2024;4;27;0.0;0.0;
2024;4;28;0.0;0.0;
2024;4;29;0.0;0.0;
2024;4;30;0.0;0.0;
2024;5;1;0.0;0.0;
2024;5;2;0.0;0.0;
2024;5;3;0.0;0.0;
2024;5;4;0.0;0.0;
2024;5;5;0.0;0.0;
2024;5;6;7.95;7.95;
2024;5;7;0.335;0.335;
2024;5;8;0.0;0.0;
2024;5;9;0.0;0.0;
2024;5;10;0.0;0.0;
2024;5;11;0.0;0.0;
2024;5;12;0.0;0.0;
2024;5;13;0.0;0.0;
2024;5;14;0.0;0.0;
2024;5;15;0.0;0.0;
2024;5;16;0.0;0.0;
2024;5;17;0.0;0.0;
2024;5;18;0.0;0.0;
2024;5;19;0.0;0.0;
2024;5;20;0.0;0.0;
2024;5;21;0.178;0.178;
2024;5;22;1.613;1.613;
2024;5;23;0.006;0.006;
2024;5;24;2.802;2.802;
2024;5;25;2.843;2.843;
2024;5;26;2.814;2.814;
2024;5;27;3.094;3.094;
2024;5;28;0.043;0.043;
2024;5;29;0.0;0.0;
2024;5;30;0.0;0.0;
2024;5;31;0.0;0.0;
2024;6;1;0.0;0.0;
2024;6;2;0.0;0.0;
2024;6;3;0.0;0.0;
2024;6;4;0.0;0.0;
2024;6;5;0.0;0.0;
2024;6;6;0.0;0.0;
2024;6;7;0.0;0.0;
2024;6;8;0.0;0.0;
2024;6;9;0.0;0.0;
2024;6;10;0.0;0.0;
2024;6;11;;;
2024;6;12;0.0;0.0;
2024;6;13;0.0;0.0;
2024;6;14;0.0;0.0;
2024;6;15;0.0;0.0;
2024;6;16;0.0;0.0;
2024;6;17;0.0;0.0;
2024;6;18;;;
2024;6;19;0.0;0.0;
2024;6;20;0.0;0.0;
2024;6;21;1.509;1.509;
2024;6;22;0.001;0.001;
2024;6;23;0.001;0.001;
2024;6;24;4.884;4.884;
2024;6;25;12.92;12.92;
2024;6;26;5.259;5.259;
2024;6;27;3.582;3.582;
2024;6;28;0.0;0.0;
2024;6;29;0.0;0.0;
2024;6;30;1.51;1.51;
2024;7;1;0.0;0.0;
2024;7;2;0.0;0.0;
2024;7;3;0.0;0.0;
2024;7;4;0.0;0.0;
2024;7;5;0.081;0.081;
2024;7;6;0.308;0.308;
2024;7;7;0.015;0.015;
2024;7;8;;;
2024;7;9;;;
2024;7;10;0.002;0.002;
2024;7;11;0.0;0.0;
2024;7;12;;;
2024;7;13;0.0;0.0;
2024;7;14;0.0;0.0;
2024;7;15;0.0;0.0;
2024;7;16;0.0;0.0;
2024;7;17;0.0;0.0;
2024;7;18;0.0;0.0;
2024;7;19;0.0;0.0;
2024;7;20;0.0;0.0;
2024;7;21;0.0;0.0;
2024;7;22;0.0;0.0;
2024;7;23;0.0;0.0;
2024;7;24;0.0;0.0;
2024;7;25;0.0;0.0;
2024;7;26;17.123;17.123;
2024;7;27;15.51;15.51;
2024;7;28;27.279;27.279;
2024;7;29;3.435;3.435;
2024;7;30;3.346;3.346;
2024;7;31;5.217;5.217;
2024;8;1;;;
2024;8;2;0.702;0.702;
2024;8;3;0.764;0.764;
2024;8;4;0.398;0.398;
2024;8;5;5.472;5.472;
2024;8;6;0.0;0.0;
2024;8;7;0.0;0.0;
2024;8;8;0.0;0.0;
2024;8;9;0.0;0.0;
2024;8;10;0.0;0.0;
2024;8;11;0.0;0.0;
2024;8;12;0.0;0.0;
2024;8;13;0.14;0.14;
2024;8;14;0.067;0.067;
2024;8;15;0.0;0.0;
2024;8;16;;;
2024;8;17;0.0;0.0;
2024;8;18;0.0;0.0;
2024;8;19;0.0;0.0;
2024;8;20;0.0;0.0;
2024;8;21;0.0;0.0;
2024;8;22;0.0;0.0;
2024;8;23;0.0;0.0;
2024;8;24;0.0;0.0;
2024;8;25;0.0;0.0;
2024;8;26;0.0;0.0;
2024;8;27;0.0;0.0;
2024;8;28;0.0;0.0;
2024;8;29;0.0;0.0;
2024;8;30;0.0;0.0;
2024;8;31;0.0;0.0;
2024;9;1;0.0;0.0;
2024;9;2;0.0;0.0;
2024;9;3;0.0;0.0;
2024;9;4;0.0;0.0;
2024;9;5;0.0;0.0;
2024;9;6;0.0;0.0;
2024;9;7;0.0;0.0;
2024;9;8;0.0;0.0;
2024;9;9;0.0;0.0;
2024;9;10;0.0;0.0;
2024;9;11;0.0;0.0;
2024;9;12;0.0;0.0;
2024;9;13;0.0;0.0;
2024;9;14;0.0;0.0;
2024;9;15;0.0;0.0;
2024;9;16;0.0;0.0;
2024;9;17;0.0;0.0;
2024;9;18;0.0;0.0;
2024;9;19;0.0;0.0;
2024;9;20;0.007;0.007;
2024;9;21;9.216;9.216;
2024;9;22;9.053;9.053;
2024;9;23;1.014;1.014;
2024;9;24;;;
2024;9;25;0.192;0.192;
2024;9;26;0.24;0.24;
2024;9;27;0.245;0.245;
2024;9;28;0.169;0.169;
2024;9;29;0.006;0.006;
2024;9;30;0.0;0.0;
2024;10;1;0.001;0.001;
2024;10;2;0.0;0.0;
2024;10;3;0.002;0.002;
2024;10;4;0.001;0.001;
2024;10;5;0.0;0.0;
2024;10;6;0.177;0.177;
2024;10;7;0.0;0.0;
2024;10;8;0.0;0.0;
2024;10;9;0.0;0.0;
2024;10;10;0.0;0.0;
2024;10;11;;;
2024;10;12;0.0;0.0;
2024;10;13;;;
2024;10;14;;;
2024;10;15;0.0;0.0;
2024;10;16;;;
2024;10;17;;;
2024;10;18;;;
2024;10;19;;;
2024;10;20;;;
2024;10;21;;;
2024;10;22;;;
2024;10;23;;;
2024;10;24;;;
2024;10;25;;;
2024;10;26;;;
2024;10;27;;;
2024;10;28;;;
2024;10;29;;;
2024;10;30;;;
2024;10;31;;;
2024;11;1;;;
2024;11;2;;;
2024;11;3;;;
2024;11;4;;;
2024;11;5;;;
2024;11;6;;;
2024;11;7;;;
2024;11;8;;;
2024;11;9;;;
2024;11;10;;;
2024;11;11;;;
2024;11;12;;;
2024;11;13;;;
2024;11;14;;;
2024;11;15;;;
2024;11;16;;;
2024;11;17;;;
2024;11;18;11.121;11.121;
2024;11;19;11.008;11.008;
2024;11;20;8.661;8.661;
2024;11;21;11.306;11.306;
2024;11;22;11.323;11.323;
2024;11;23;12.5;12.5;
2024;11;24;11.968;11.968;
2024;11;25;8.371;8.371;
2024;11;26;16.197;16.197;
2024;11;27;16.604;16.604;
2024;11;28;9.699;9.699;
2024;11;29;0.731;0.731;
2024;11;30;13.101;13.101;
2024;12;1;1.814;1.814;
2024;12;2;20.662;20.662;
